0,1,2,3,6,8,12,14
0,1,2,3,7,9
0,1,2,4,7,8
1,2,5
0,2,5,7
0,1,2,3,5,6,8,9
0,1,2,4,9,12
0,2,3,5,6,8
0,1,3,4,6,7,9,12
1,3,4,6
0,1,2,4,5
0,1,2,7,9
0,2,4,8,9
0,2,7,8
0,1,2,3,7,8,9
0,1,2,3,5,8,11
0,1,2,4,6,9,11,12
0,1,7,8,9
0,6,7
0,1,2,3,5,8,9
0,1,2,4,5,8,10,13
0,1,2,3,5,6,11
0,1,2,5,6
0,1,2,3,4,6,11
0,1,2,4,7,8,9
0,1,2,3,4,6,7,8,9,10
0,1,3,4,6
0,1,2,3,4,6,7,8
0,1,2,4,6,7,9
0,1,2,3,4,9,12
0,1,2,3,4,7,8,12,14
0,1,3,4,5,8
0,1,7,9
0,1,4,7,8
0,1,2,4,5,7,10
0,1,2,4,5,7,8
0,1,6,7,9,12
0,1,2,3,5,6,7,10
0,1,2,4,5
0,1,2,4
0,3,4,6
2,3,5,8,11
0,1,2,4,5,8,9
0,1,2,7
0,1,4,6,11
0,1,3,4,5,6,7,9
0,1,2,3,4,9
0,1,2,4,5,7,8
0,2,4,6,9,12
0,1,5,8,9
0,1,2,4,5,6,7,8
0,3,4,6,7
0,1,2,3,6,7,9
0,1,2,4
0,1,2,3,4,6,7,11
0,1,2,3,8,9
0,1,2,3,4,5,6,8,9
0,2,3,7
0,1,2,3,5
0,1,2,3,4,5,8,9,10,12
0,1,2,3,4,6,8,10,14
0,1,2,3,5,8,9
0
0,4,7,8
1,6,8,10,13
0,1,2,4,6,7,8,9,13
0,1,2,4,7
0,1,3,4,6,8
0,1,2,3,4,7,9
0,1,2,3,5,6,9,11
0,3,5,6,8,11
0,3,6,7,8,11
0,1,2,4,6
0,1,2,3,4,7,8
0,1,2,3,4,7,9,12
0,1,4,7
0,1,2,3,5,6,8,12
0,2,3,4,6,7,8,9,12
0,1,4,7,9
0,1,2,4,5
0,1,2,6,8
0,1,2,3,7,9
0,1,3,6,7,8,10
0,1,2,3,5,8,13
0,1,2,3,7,8,9,10
0,1,4,5,8
0,1,2,3,4,7,8,9
1,2,3,4,8
0,1,2,6,9
0,1,5,7,9
0,1,2,4,5,8
0,1,4,6,7,8,9,10,12
0,1,7,9,11
0,1,2,3,4,5,9,10,12
0,1,4,6,8,9,10
0,1,2,4,5,8
0,1,2,3,5
0,1,4
0,1,2,3,9,10,12
0,1,2,4,6
0,1,5
0,1,2,4,5,6,7,9,10
0,1,2,4,6,7,8
0,2,4,6,8
0,2,3,5,13
0,1,2,5,7,8
0,1,2,3,4,5,8,9,12
1,6,7,8,13
0,1,2,3,4,7
0,2,5,6,8,13
0,1,4
0,1,2,3,5,11
0,1,2,5,6
0,1,2,6,7
0,1,2,3,5,8
0,1,2,4,7
0,1,4
0,1,2,3,4,5,8,9
0,1,2,3,4,5,7,10
0,1,3,6,7
0,1,3,7,8,9
0,1,2,3,5,10
0,1,2,4,6,7,9,11,12
0,1,2,3,4,5,6,7,8
0,6
0,1,2,4,6,8,11
0,2,3,6,9
0,1,2,3,7,8,9
0,2,5,6,7,11
0,1,2,4,5,6,10
0,1,2
0,1,2,5,11
0,1,3,5,7,9,13
0,1,2,3,5,7,8,10
0,1,4,5,7,9
0,1,9,11
1,3,4,8,9
0,1,2,3,6,8
0,1,3,6,7,8,9
0,1,2,6,7,9
0,7,9
0,1,2,3,4,6
0,1,2,3,4,8,9
0,1,4,6,7,8,10,12
0,8,9
0,1,2,3,4,8,11
0,1,2,4,6,7,8
0,1,2,8
0,1,2,3,6,12
0,1,4,6,7,8,9
0,2,3,6,7,9
0,1,2,4,6,7
0,1,2,3,8,9
0,1,3,4,8
1,2,6,8
0,1,2,3,4,7,12,14
0,1,6,7,9,12
0,1,2,5,6,8
0,1,3,4,7,12
0,1,2,7,8,9
0,1,2,4,8,9
0,1,3,4,5,7,8
0,1,2,3,4,7,12
0,2,7
0,1,2,4,5,7,8
0,1,2,4,5,7,8,9
1,2,3,4,5,6,7,8,10
0,1,2,4,5,8,9
0,1,2,3,4,8,9
0,1,4,9,12
0,1,7,9
0,1,2,5,6,9
0,1,4,8,9
0,1,2,5
0,1,6
0,1,2,3,4,5,6,7,14
0,2,4,6
0,1,2,4,6,8,9,12,14
0,1,2,3,6,11
0,1,2,3,6,8
0,1,2,8
0,2,3,6,8,9,10,14
0,1,3,4,5,7,8
0,1,2,4,5,8,10
0,1,2,3,8
0,1,2,4,7,8
0,1,2,4,6
0,1,2,3,8
0,1,2,7
0,1,2,3,7,8,9,12
1,3,5,6,9,10
0,1,4,6
0,1,2,4,6
0,1,2,3,4,6,8
0,1,2,4,6,7,8,9
0,1,2,9
0,1,3,4,7,12
0,1,4,5,7,8,9
1,4
0,1,4,9,11,12
0,1,2,7,9
0,1,2,3,7,12,14
0,1,2,5,6
0,1,3,4,7,10
0,2,3,4,6,9
1,2,6,9,10
0,1,3,4,7
1,2,4,5,6,7,9
2,3,4,9
0,2,3,4,9,11,12
0,1,3,4,5,6,8,9,10,13
0,1,2,4,7,9,12
0,1,2,6
0,1,2,4,6
0,1,3,5,11
0,1,2,3,8
0,2,3,5,6,11
0,2,3,7,10
0,1,2,3,5,6,8
0,1,2,3,4,5,8
0,1,2,5,7
0,3,5,8
0,1,2,3,4,9
0,2,3,8
0,1,2,3,5,6,12
0,1,2,5,8
0,1,2,3,4,6,7,8
0,2,4,9
0,1,5,11,13
0,1,3,4,9
0,1,2,3,4,5,9
0,1,2,4,7,9
0,1,2,3,4,6,7,9,12
0,1,3,4,5,7
0,1,2,5,8
0,1,2,3,4,5,6,8,11
0,1,2,3,5,12
0,1,2,4,7
0,1,6,7,8,9
0,1,2,4,8,9
0,1,7
0,1,4
0,1,3,4,7,8
0,1,2,4
0,1,2,3,7,10
0,1,4,5,7
0,1,2,3,11
0,1,2,5
0,1,2,6,8,11
0,1,2,4,7,9
0,1,2,4,5,7,9
0,1,6,9,10
0,1,3,6,9
0,1,2,3,4,7,11
0,1,2
1,2,3,5,8
0,1,5,7,8,9
1,2
0,1,2,3,4,8
0,1,2,4,7,8,10
0,2,3,5,6,7,9,12
0,1,2,4
0,1,2
0,1,3,6,7,9,12
0,1,4,5,6,8,9,12
0,1,4,5,8,9
0,1,3,5,7,8
0,1,2,3,5,6,9,12
0,1,2,4,9,14
0,1,2,3,4,5,7,8,9,12
0,1,2,4,9,12
0,4,7,8,9,10,14
0,1,4,6,7
0,1,2,7
0,1,4,7,9
0,1,2,5,7
0,1,2,6,7
0,1,3,5,8
0,1,3,4,7,11
0,1,2,6
0,1,3,4,6,8,9,14
0,1,2,4,5,6,8,9
0,1,2,5,12
0,2,3,12
0,1,3,4,5,7
0,1,2,7,8
0,1,2,3,4,6,9,12
0,1,6,8,11,12,13
0,1,4,5,7,10
0,1,2,4,5,8
0,1,4,5,6,8,10
0,1,5
0,1,3,6,7,11
1,2,4,6,7
0,1,2,4,6,7
0,1,3,4,6,8,9,10
0,1,2,3,5,6,13
0,1,2,3,4,6
0,1,2,4,7,8,9
0,1,2,3,4,7,8,9
0,1,4,5,7,8,9
0,1,3,4,6,7,9,10,13
0,1,3,8,9,10,12
0,1,2,3,11
0,1,7
0,1,7,8
0,1,2,3,4,7,8,9,10
0,1,3,4,6,7
0,1,2,3,6,7
1,2,4,7,8,9
0,1,3,4,6
0,1,2,3,4,7,9,12
0,1,2,3,5,6,7,8,11,14
0,1,2,7,8
0,1,4,5
0,1,2,3,4,6,7,8
0,1,2,8
0,1,2,3,5,6,8,9
0,1,5,7,8,10,13
0,1,4
0,1,2,3,5,6,7,8,12
0,1,3,4,5,7
0,3,7,12
0,2,6,11
0,1,2,3,4,5,6,10
0,1,2,3,4,5,9
0,1,3,7,9
0,1,2,4,6,7,9
0,1,2,3,4,6,7,8,10,12
0,1,3,5,7,11,14
0,1,3,5,7,8,13
0,1,2,3,4
0,3,6,7,9,11
0,1,4,7,8,12,14
0,1,2,3,7,12
1,2,4,7,11
0,1,3,5,6,8,9,12
0,1,3,4,6,7,9,12
0,2,3,5,6,11
0,1,4,5,9
0,1,2,5,8
0,1,2,4,9
0,1,4,9
0,1,3,4,5,6,8,9
0,1,3,4,6,7
0,2,3,4,7
0,1,5,9
0,1,2,3,7
0,2,4,7
0,1,2,3,4,5,10
0,1,2,3,4,6,9,12
1,2,4,5
0,1,2,4,7
0,1,2,3,6,7,8,13
0,3,4,6,8,9,11
0,1,2,5,6,8
0,1,2,4,8
0,1,6
0,1,2,3,6,9,14
0,1,4,6,7,8
0,1,2,4,6
0,2,3,6,8,9
0,1,3,5,9
0,1,4,6,8,9,12
0,1,2,11,12
0,1,3,6,7,8,9
0,1,4,6,7,9
0,1,2,3,4,7,8,9,10,14
0,1,9
0,1,2,4,6,8
0,1,2,3,4,6,9,10,12
0,1,2,7,8,9
0,1,7,9,11,12
0,1,2,3,9,11
0,1,3,4,5,7,9
0,1,2,4,7
0,3,4,9
0,1,2,6,7
1,3,6,7,8,9
0,1,2,4,7,14
0,1,2,4,5,6,7,8,9,14
0,1,3,4,8,10
0,1,2,4,5,8
0,1,2,3,9,11,12
0,1,3,5,7,8,10
0,1,2,3,5
0,1,2,6,7,14
0,1,2,3,5
0,1,6,7
0,1,3,5,6,12
0,1,2,4,5,7,9
0,1,2,3,8,13
0,1,2,3,7
0,1,2,3,6,12
0,2,3,7,9,11,12
0,1,2,4,6,8,9,14
0,1,3,6,7,9
0,1,2,4,6,12
0,1,3,4,6,9,11
0,1,2,4
0,1,2,3,4,5,7,9
0,1,3,7,9,10
0,1,2,4,6
1,2,3,6,9
0,1,2,10
0,1,2,3,4,6,7,8
0,1,3,5,7,9
0,1,2,4,9
0,1,2,4,5,9
1,3,4,5,8
0,1,2,4,5,7,8,9
0,1,3,8
0,1,2,7
0,2,11
0,1,2,3,4,7
0,1,2,6,7,9
1,2,3,5,6,11,12
0,5,6,7,9,14
0,1,2,3,5,6,7,8
0,1,5,7,9,11
0,2,3,4,12
0,1,2,4,7,8,9
0,3,4,6,9,11
0,1,7,8
0,1,2,3,4,6,7,9
0,2,3,8,11,13
0,2,8,9,10,12
0,1,2,3,5,6,11,13
0,1,2,3,4,6,7
0,1,2,3,4,5
0,1,2,3,6,7,9,11
0,4,6,8
0,1,2,3,5,9
0,1,2,3,8,11
0,1,3,4,5,6,9,10,13
0,1,2,3,6,11
0,1,9
0,1,2,3,4,6,7,8
0,1,8,9
0,1,4,5,7,8,9
0,1,2,3,6,8,11,13
0,1,4,6
0,1,2,3,4,6,9
0,1,3,6,7,8,9,10
0,1,2,11,12
0,1,2,3,6
0,1,2,6
0,1,2,4,6,7
1,3,5,7
0,1,2,3,4,5,9,10
1,2,3,4,6,7,12
0,1,3,5,6,8,9,11
0,5,11
0,1,2,3,4,7,8,10
0,1,2,3,4,8
0,1,3
0,1,2,5,6,8,12
0,2,3,4,5,7,9,14
0,1,4,7
1,2,3,4,6,12
0,1,4,6,7
0,1,2,4,9
0,1,2,4,5,6,7
0,1,2,3,4,5,6,7,8,9,10
0,1,2,4,7
0,1,4,5
0,1,4,5,7,9
0,1,3,4,6,12
0,1,2,4,5,9
0,1,2,5,8,12
0,1,4,5,6,7,13
0,1,2,3,6
1,2,4,5
0,1,2,3,10
0,1,3,7,9,10,12
0,1,2,3,7,8,9
0,1,2,6,9,11
0,1,2,3,4,10,13
0,2,3,4,10
0,1,2,5
0,1,2,5,6,7,8,11
0,1,2,5,9
0,2,4,7,8
0,1,2,3,4,5,6,7,8,9,10,13
0,1,2,3,4,7,8
0,1,3,4,7,9,11
0,1,2,6,7,8
1,3,6,8,9,14
0,1,5,7,8,9
0,1,2,6
0,1,3,8,12,14
0,4,6
0,1,2,3,4,5
0,1,3,5,8
0,1,2,6,7
0,1,2,3,6,8
0,1,2,3,4,5,8
0,1,2,3,6,7,8
0,1,2,3,6,7,9
0,1,3,6,8,13
0,2,3,4,5
0,1,3,7,8
0,1,3,4,5,6,7
0,1,4,8
0,1,2,4,6
0,2,4,11
0,1,2,3,4,7,10,12
0,1,2,3,7,8,12
0,1,2,3,6,7
0,1,2,4,6,7
0,1,2,4,6,7
0,1,2,3,4,5,6,8,9
0,1,2,3,7
0,1,2,5,7,9
0,1,3,4,9
0,2,4,5,6,7,9,10
0,1,2,3,4,7,9,12
0,1,2,6
0,1,2,3,6,13
0,1,2,3,4
0,1,2,3,7
0,1,4,8,12,14
0,1,2,5,6,7,8,9,10
0,1,2,3,6
0,1,3,4,5,8,9
0,1,2,7,8
0,1,3,4,6,7,8,9,10,12
0,1,2,3,4,5,7,8,9,10,13
1,2,5,6,7,11
0,1,2,3,4,5,6,7,9,10
0,1,2,3,4,7,8,9,11
0,1,2,3,6,7,8
0,1,2,3,5,6,7,8,9
0,2,4,7,8,9
0,1,2,8
0,1,3,4,5,7,8
0,1,2,5
0,1,3,4,5,8,9
0,1,2,6,8,9
0,1,3,6,7,9,12
0,1,2,3,4
0,1,2,4,6,9,11
0,1,2,5,6,7
1,2,5,6,10,12
0,1,2,5,9
0,1,2,6,7,8,9
0,1,2,3,5,7,9
0,1,3,4,5,7,8
0,2,3,4,6,11,14
0,1,2,3,6,8,12,13
0,1,2,7
0,1,8
0,1,2,4,5,7,8
0,1,2,3,4,6,8,9
1,2,4,5,6,7
0,1,5,8
0,1,2
0,1,2,3,8,9,10
0,1,5,6,11
0,1,2,4,8
0,1,2,7
0,1,4,7
0,1,2,3,4,6,7,9
0,1,2,5,8
1,4,6,7,9,12
0,1,2
0,1,2,3
0,1,2,3,6,9,11,12
0,1,2,4,6,7,12
0,1,3,4,7
0,1,8,9
0,1,3,4,5,7,8
0,1,7,12
0,1,2,5,7
0,2,6,7,9,11
0,1,2,3,6,8,14
0,1,2,3,5,6,7,9,13
0,1,2,3,4,5,6,7,8,9,13
0,1,3,5,7
0,1,2,3,7
0,1,2,5,6,7,8
0,1,2,6,7,8,9,10
1,2,7,8,10,12,14
0,1,2,4,6,7
0,3,6,7,8,9,13
0,1,4,6,7
0,1,2,4,5,8
0,2,3,4,6,9,10
0,1,3,5,7,8,10,12
0,1,2,3,4,7,8,9,10
1,2,6,7,12
0,1,2,4,7,8,9,12
0,1,2,3,7,9,11
0,1,4
0,1,3,4,5
0,1,2,6,7,8,12
0,1,2,7,11
0,1,2
0,1,2,4,6,7,8,9,10
0,1,2,3,7,8
0,1,2,3,5,6,8,11,13
0,1,2,3,6,11
0,1,2,3,4,6,7,8,9,14
0,1,3,4,6,8,9,10
0,1,2,9
0,1,2,3,5,6
0,1,2,3,5,7,8,11
0,1,2,6,12
0,1,2,12
0,1,2,6,7
0,1,2,3,7,8,10,12
0,1
0,1,2,3,5,6,7,9,10,13
0,1,2,4,6,10,13
0,1,2,4,5,7,8
0,1,2,4,5,7
1,2,3,4,6,7
0,1,3,5
0,1,2,3,5,6,8,10,12
0,1,2,4,5,7,9
0,1,3,7,8,9
0,1,2,3,4,5,6,8,9,11,14
0,1,2,3,7,11
0,1,2,3,4,6,7,8,12
0,1,2,3,6,7
0,1,2,3,6,7
0,1,2,3,5,8
0,1,2,3,6,7
0,1,2,3,5,6,7,8
0,1,3,7,8
0,2,4,6,9
0,1,2,7,9,14
0,1,4,6
0,1,2,6,12
0,3,7,9
0,1,2,3,5,9
1,4,6,7
0,1,2,3,9,12
0,1,2,8,10,12
0,1,2,4,5,8,9
0,1,2,5,11,13
0,1
0,1,3,4,5,11
0,1,4
0,1,2,5,7,8
0,1,2,4
0,1,4,6,7,14
0,1,2,4,7,8,9
0,3,4,7,9
0,1,4,7,11
0,1,2,4,6,7
0,1,2,4
0,1,3,4,8,9
0,1,4,5,7
0,1,2,3,7
0,1,2,3,5,6,7,9
1,3,4,7,9,12,14
1,2,3,4,7,8,9,11,14
0,1,6
0,1,2,3,4,6,7,9,11
0,1,2,8
0,1,2,3,5,12
0,1,2,3,4,12
0,1,3,5,7,8,12
0,4,7
0,1,2,3
0,2,3,4,6,9
0,1,8
0,1,2,5,6,7,8
2,5,7,8
0,1,2,3,6,8,11,12,13
0,4,5,8,9
0,1,2,4,6
0,1,2,3,4,5,9
0,1,2,4,5,6,8
0,1,2,4,7,9
0,1,3,7,8
0,1,2,3,6,8,12
0,1,2,6,7
0,1,2,4,5
0,1,2,3,5,6,8,10
0,1,3,4,7,8,12,14
0,1,2,4,6,12
0,1,3,4
0,1,2,3,8,10
1,2,4,6,9
0,1,4,7
0,1,6,7
1,3,4,5
0,1,2,3,4,6,11
0,1,2,4,6,8,9
0,1,2,3,5,6,7,8
0,1,2,3,4
0,1,2,6,7
0,1,2,3,7,9
0,1,4,7,11
0,1,2,3,5,7,8,9
0,1,5,10,12
0,1,2,4
0,1,2,6,7
0,1,4,5,9
0,1,4,5,8
0,1,2,3,6,8
0,1,2,3,4
0,1,2,9
0,1,2,4,5,8,9
0,1,2,3,5,6,8
0,1,2,5,7,9
0,1,2,4,5,7,8
0,1,2,4,5,6,8,9,10
0,1,4,6,7
0,2,9
0,2,3,6,7
0,1,2,4,6,7,8,9,12
0,1,2
0,1,6,8
0,1,2,4,6,7
0,1,12,14
0,2,3,4,6,7,9,10,13
0,1,3,4,6,12,14
0,1,3,5,6,8,11
0,1,4,9,11
0,1,4,6
0,1,2,4,7,9
0,2,4,5,6,7,8
0,1,2,5,6,7,8,9
0,1,3,4,6,7,9,10,12,14
0,1,2,3,6,7,12
0,1,4,6
0,1,5,7,9
0,5,6,7,8,11
1,2,5,7,8,9
0,1,2,3,4,6,8
0,1,2,3,4,7
0,1,4,5,6,7,8,9
0,1,3,4,5,6,7,8,9
0,1,2,3,4,6,7,8,9
0,1,6,8
0,1,2,3,6,7
0,1,2,3,5,6,9,12
0,1,2,3,4,7,9
0,1,2,4
0,1,2,3,4,7,8,9
0,1,2,5,6,7,9,10
0,1,2,3,6,9
0,1,6,7
0,1,2,3,4,7,8,9,14
0,2,10
0,1,3,5,6,10
0,1,2,7,8
0,1
0,7,9
0,2,3,5,7,8,9
0,1,6,8
0,1,4,6,9,12
0,1,2,4,6,7,9,12
0,1,2,4
0,1,2,4,7
0,1,2,7
0,1,2,4,7
0,1,2,3,11,12,13
1,2,4,7,8,9
0,1,2,8
0,1,4,5,6,7,8,9,14
0,1,2,9,11
0,1,2,3,4,6,9,10
0,1,2,3,7,9,12
0,1,2,4,5,7,8
0,1,2,3,4,6,9,11
0,1,2,3,6,8
0,1,2,4,5,7
0,1,2,7
0,1,5,6,7,8,9,10
0,1,2,4,6
0,1,2,6,8
0,1,2,4,7,8
0,1,2,6,7
0,1,2,6,7
0,1,2,4,7,9
0,3,4,5,7,11,14
0,1,2,4,6,7
0,1,2,4,6,7,11,12
0,2,3,4,8,9,10,13
0,1,2,4,6
0,1,2,4,7,8
1,4,7
0,1,2
0,1,2,3,5,7,8,14
1,2,4,6,11
0,1,2,3,4,6,9,14
1,2,3,4,6,7,9,11,12
0,1,3,4,7,12
0,1,2,3,4,7,9
0,1,5,7,8,9
0,2,3,8,14
0,1,2,5,6,9,12
0,1,2,6,12
1,2,3,4,5,7,9,10,12
0,1,2,3,7,8
0,2,6,7,8,9,12
0,2,3,4,8,9
0,2,5,9
0,1,3,4,5,7
0,1,2,5,7,8
0,1,2,3,4,7,9,11,12
0,1,4,6,7,11,12
0,1,2,3,5
0,1,2,4,9
0,1,5,7,8
0,1,3,4,6,7,9
0,1,2,11
0,2,3,4,6,7
0,1,2,3,4,7,8,13
0,1,2,4,6,8
0,1,3,4,6,8,10
0,1,3,7,9,11,12
0,1,2,3,4,8
0,4,6,10,12
0,1,3,4
0,1,2,3,4,5,6,7,11,14
1,3,4,7,9
0,1,2,7
0,2,4,6,7,12
0,1,3,4,7,8,9
2,3,4
0,1,4,5
0,6,7,8,9
0,1,2,3,5,7,8
0,1,3,4,6,7,9,12
0,1,2,4,6,7
0,2,4,5,6,7,8
0,1,2,3,4,5,6,7,9,10
1,2,4,6
0,1,4,6,9,12
0,1,2,4
0,2,5,6,8
0,2,5,7
0,1,2
0,1,2,3,4,5,6,7,8,10
0,1,3,8
0,1,2,4,7
0,3,4,6,7
0,1,2
0,1,2,3,4,7,9
0,1,2,4,6,8
0,1,3,6,7
0,1,2,4,7
0,1,3,4
0
0,1,4,6
0,1,2,4,10,12
0,1,7,8,9
1,2,4,6,8,9
0,1,2,4,6,7
1,2,3,4,7,9
0,1,2,3,4,9,10
0,1,3,5,8,9
0,1,2,3,4,7,8,9
0,1,2,5,7,9
0,1,3,4,5,6,8,9,10
0,1,4,8
0,2,4,6,9
0,1,2,7
0,1,2
0,1,4,6
0,1,2,3,4,5,6,9,10
0,1,2,3,6,8
0,1,5,7,9
0,1,2,3,4,6,7,8
0,1,4,6,7,9
0,1,2,3,5,13
0,1,2,3,5,8
0,1,4,7
0,1,2,6,8,10,12,14
0,1,2,6
0,1,2,5,8,9
0,1,2,3,4,5,6,10
0,1,2,3,5
1,2,3,4,5,8,9
0,3,4,5,7,8,10,12
0,1,2,4,6
0,1,4,7
0,1,3,5,6,8,9,10
0,1,4,5
0,1,2,4,7,11,12
0,1,3,4,6,7,12
0,1,2,3,5,7
0,1,4,5,7,9
0,1,2,3,5,6,8,9
0,1,4,5,7,11,14
0,1,2,7,8,9
0,1,2,5,7,8
0,1,4,6,7
0,1,2,3,4,5,6,8,9,10
0,1,2,3,4,6,12
0,1,4,9
0,1,2,4,5
0,1,2,6
0,1,5,9
0,1,2,4,5,6,9,10,13
0,1,2,5,7,8
0,1,2,3,4,5,8,9
0,1,2,4,7,8,9
0,1,4
0,2,3,4,7,9
0,1,2,3,8,9
0,1,2,5,9,11
0,1,4,8,9
0,1,2,3,7,8,9
0,1,2,3,4,5,11
0,1,3,5,8
0,1,2,7,8,9
0,1,2,3,6,11
0,1,2,3,4,7,8
0,2,4,5,6,9
0,1,2,3,7,8,10,14
0,4,5,7,8,9
0,1,2,3,4,6,9,11,12
0,3,6
0,1,2,5,7,9
0,1,2,3,7,8
0,1,2,3,4,5,7,9,12
1,2
0,1,3,4,9,12,14
0,1,2,4,6,7,8,9
0,1,2,5,6,7
0,1,2,4,6,8
0,1,2,4,7,8
0,1,2,4,7,8,10
0,1,6,7,8,9,12,14
0,1,2,5
0,1,2,6,7,9,12
0,1,2,3,4,12
0,1,2,3,5
0,1,3,5,7
0,1,2,3,4,5,6,8,9
0,1,2,7
0,1,2,3,4,5,6,7,11
0,1,2,3,8,11,12
0,1,2,4,7,8,9
0,1,2,3,5,6
0,2,3,4,6,9
0,1,2,4,5,6,7
0,1,3,5,6,12,13
0,1,2,4,6,8
1,3,4,7,9,11
0,1,3,8
0,1,2,4,7
0,1,2,4,6,7
0,1,2,3,5,6,8,11,12
0,1,2,4,6,7,8,9
0,1,2,4,7
0,1,3,4,5,7,8
0,1,2,3,5,6,10
0,1,2,3,7,8
0,1,2,3,4,5,9,14
0,1,2,5,9
0,1,3,4,5,6,7,8,9,10
0,1,2,5,6,8,9,13
0,1,2,4,8,9
0,4,5,8,9
0,1,3,6,7,12
0,1,3,4,8
0,1,2,3,4,6,7,8
0,1,2,3,4,6,7,8,9
0,1,2,4,6,7
0,1,2,3,5,6,8
0,2,4,6,7,9,12,14
0,1,2,5,8,9
0,1,2,4,5,9
0,1,2,3,5,6,8,10
0,1,2,4,5,6,7,9,12
0,1,2,4,8,12,14
0,1,4,7,8,10,12
0,2,3,6,8,12
0,1,2,3,4,5,6,8,10
0,1,2,3,5,6,8,12
1,3,6,8,9,10,14
0,1,5,8,9
0,1,2,4,5,7,8,9
0,1,2,5,8,9
0,1,2,3,4,9
0,1,2,4,6,8,10
0,4,7,9,11
0,1,2,4,6,7
0,1,2,4,6,7
0,1,2,6
0,1,3,4,5,6,7,8
0,1,3,5,8
0,1,2,5,6,7,9,11
0,1,5,6,7,9
0,1,2,3,7,14
0,1,2,6,7,9
0,1,2,4,7,9
0,1,2,3,5
0,1,2,6,7,8,9
0,1,2,3,5,6,8,11
0,1,2,3,6,8
0,1,2,5,6,7,9,13
0,1,2,6
0,1,3,5,6,7,10
0,1,6,7,8,9,10,12
0,1,5,8,9
0,1,2,3,4,6,7,9
0,1,2,7
0,1,2,4,6,7
0,1,2,3,4,8,9,10,12
0,1,2,4,6,7
0,2,5,6,8,13
0,1,2,3,4,5,7,8
0,1,2,3,6,8,12
0,1,2,3,7,9
0,1,2,3,6,7
0,1,2,3,4,5,11
0,3,5,6,7,8
0,1,2,8
0,1,2,3,7,8,9
0,1,4,7,12
0,1,2,3,4,6,9,11,12
0,3,12,13
0,1,3,4,9
0,1,2,4
0,1,2,3,7,9
0,1,2,4,5,9
0,1,3,4,5,6,7,8
0,1,3,6,8,12
0,1,3,7,9,10,14
0,1,2,3,5,6,8,12
0,1,3,4,7,8,9
0,1,2,3,4,5,7,9
0,1,3,5,6,8
0,1,2,3,4,11
0,1,2,3,4,5,9
0,2,3,4,5,6,9,10
0,1,2,4,5
0,2,4
0,1,2,3,6,8
0,1,2,3,4,5,6,7,8,9,10
0,1,3,4,6,7,10,13
0,1,3,4
0,1,2,4,7,9,12
0,1,2,3,6,7,8
0,1,2,4,6,9,14
0,1,2,3,6,7
0,1,2,3,4,10
0,1,5,8,11,12,13
0,2,3,4,6,7,11
0,1,2,3,4,6,7,8,9,14
0,1,2,3,5,6
0,1,3,5,6,8,9,14
0,1,2,3,8,12
0,1,2,3,6,8
0,2,3,4,5,6,7,9
0,1,2,4,6,7,8
0,1,6,8,12
0,1,2,4,7
0,1,2,4,6,7
0,1,2,3,6,8
0,2,3,4,5,8,9
0,1,2,5,8
0,2,7
0,1,2,3,5,11,13
0,1,2,4,5,7,9
0,1,13
0,1,4,8
0,1,2,4
0,4,7,9
0,1,2,3,4,7,8,9,11
0,1,2,3
0,2,4,7
0,1,3,4,6
0,1,2,3,4,5,6,7,13
0,1,3,4,6
0,1,2,7,9
0,1,2
0,3,6,7,9
0,1,2,4,7,12
0,1,2,3,4,5,6,7,8
0,1,2,3,4,6,7
0,1,3,4,6,7,9,11,12
0,1,2,4,5,9
0,1,3,4,7,8
0,3,5,6,7,8,10
0,3,4,6,7,9
0,1,2,4,6,7,8,9
0,1,6,8
0,1,2,5,7,8
0,1,2,3,4,5,6,7,9
0,1,2
1,2,3,4,6,13
1,4,5,6,8
0,1,2,3,8,9,12
0,1,2,3,5,8,12,13
0,1,2,3,5,6,7,8,9
0,1,2,3,4,6,9,10
0,1
0,1,2,5,6,11
0,1,2,3,4,6,7,9,11,12
0,1,2,9,10
0,1,4,6,8,9
0,1,2,7,8,9
0,1,2,3,4,5,6,7,9,10
0,1,2,8,9
0,1,2,4,7
0,1,2,4,8,9
0,2,3,4,6,7
0,1,3,9,10,13
0,1,2,6,7
0,1,2,4,5,9,14
0,4,5,8,9
0,1,4,6,7
0,1,2,3,6,8,12
0,1,2,6,8
0,1,3,4,7,8
1,3,6,7,12
0,1,2,3,8,12,13
0,1,2,7,8,12
0,3,4,5,6,7
0,1,2,3,4,6,9
0,2,3,4,7
0,1,4,7
0,1,2,3,4,5,7,8,9
1,3,7,9,12,14
0,1,2,4,5,9
0,1,2,3,4,5,7,8,9,14
0,1,8
0,2,3,8,11
0,1,2,6,9,11
0,1,2,3
0,1,2,4
0,7,8
0,1,2,4,7,9
0,1,4,5,9,12
0,1,3,4,6,8
0,1,2,3,5
0,1,2,4,6,7,8,9,12
0,1,2,6,8,12
0,1,2,3,5,6,9,11
0,1,2,4,5,6,14
0,1,2,3,4,7,8,11,14
0,1,2,3,8,9
0,1,2,3,4,6,11
0,1,2,4,6,7
0,1,2,3,7,9,10,12
0,1,2,3,4,6,9
0,1,2,3,4,5,7,9
0,1,2,6,8,13
0,1,2,7
0,1,5,6,11
0,1,3,4,6,7,12
0,2,4,6,8,9
0,1,2,3,4,5,7,10
0,1,4,6
0,1,2,6,7,9,10
0,1,2,6,7,10
0,1,2,3,6,8
0,1,2
0,1,4,5
0,1,2,4
0,2,4,6,7,8,9
0,1,3,6,8,9
0,1,3,5,8,11
0,1,2,4,5,6,8,9
1,2,4,6,8,9
0,1,2,4,7,8,9
0,1,2,4,7,8,9
0,1,2,6,9
0,1,2,3,8
0,1,2,3,5,9,11
0,1,6,9,14
0,1,7
0,1,3,5,6,8,11
0,1,2,3,4,6,11
0,1,2,6,8
0,1,4,6,7
0,1,2,3,4,6,7,8,9
0,1,2,3,6
0,1,2,3,7,12
0,1,2,4,6
0,1,2,4,7,9,10
0,1,2,3,7,8
0,1,2,3,7,8,10,14
0,1,2,4,6
0,1,11
0,1,2,6,7,9
0,1,3,4,6,9
0,1,2,3,4,7,9,11
0,1,2,4,7,8
0,1,8,12
0,1,2,3,4,7,10,12
0,1,2,3,5,10,12
0,1,2,3,4,8,9
0,1,2,3,4,6,9
0,1,2,4,7,9,12,14
0,4,6,9
0,1,2,4,5,7,8,13
0,1,2,5,8
0,1,4,5,8,9
0,1,2,3,4,9
0,1,2,5
0,1,2,4,8
0,1,2
0,1,2,3,4,8,10
0,2,3,9
0,1,3,4,5,7,9
0,1,2,3,5,12
0,1,5,7,8
0,1,2,3,8,9
0,1,2,3,4,7
0,1,2,4,8
0,1,2,3,4,6,9,12
0,1,2,4,5,8
0,1,2,3,4,5,6,9
0,1,2,6,9,10,12,14
0,1,2,6,7,12
0,1,2,4,5,6,8,9,13
0,1,2,4,7,8
0,1,5,8,9,10
0,2,6,7
0,2,6
0,1,5,7,8
0,1,7,9
0,1,2,12
0,1,2,3,4,8
0,1,2,4,5,6,7,10,12
0,1,2,4,6,7,8
0,2,4,8
0,1,2,3,6,12,13
0,1,2,3,4,6,7,8,14
0,1,2,3,5,6,10
0,1,4,7,8,11
0,1,2,4,5,8,13
0,1,2,4,7
0,1,2,3,4,6,7,9,10,12
0,1,2,3,6
0,1,2,5,8,9
0,1,2,3,5,8,12
0,1,2,4,7,11
0,1,2,3,4,6,7,8,10,12,14
0,1,2,5,9
0,1,2,3,6,7
0,1,4,5,9
0,1,2,3,4,6,7,8
0,2,3,5,9,14
0,1,3,4,5,8,13
0,1,3,5,6,8,11,12
0,1,2,5,8,13
0,3,4,6,8,10,14
0,1,2,6,9
0,1,2,3
0,1,2,3,4,5,8,9
0,1,2,5,7,8
0,1,2,4,6,8,9,10
0,1,2,4,5,8
0,1,2,4,6
0,1,3,6,8,12
0,1,2,6,7,10
0,1,3,4,8
0,1,2,3,6,7,12
0,1,2,4,7,8,9
0,1,2,3,9
0,1,4,7,9
0,1,2,4
0,1,4
0,2,3,4,6,7,9,12
0,1,2
0,1,3,6
0,1,2,3,6,8,13
0,1,2,4,9
0,1,2,3,5,8,12,13
0,1,2,3,4,5,6,7,9
0,1,2,3,4,6,9
0,1,3,7,8
0,1,4,6,7
0,1,5,12,13
0,1,2,3,6,8
0,1,5,7,8,9
0,1,2,5,7,9
0,1,2,9
0,1,2,3,4,6,7,9
1,2,4,6,7
0,1,2,4,6
0,1,2,3,4,5,8,9,10,12
0,1,2,3,4,5,8
0,1,4,6,7
0,1,2,3,6,8
0,1,2,3,4,7,8,9,10
1,2,3,4
0,1,2,3,4,6,9,10
0,1,4,5,7,10,13
0,1,2,9
0,1,3,4,5,6,8
0,1,3,4,5,6,9
0,1,2
0,2,4,5,7,8,12
0,1,3,7,8,14
0,1,2,3,4,7
0,1,3,4,6,8,9
0,1,3,4,7,9,11
0,1,2,5,13
0,2,3,5,6,10
0,1,2,4,6,7,9
0,1,3,4,6,7,9
0,2,3,8
0,1,2,3,9
0,2,4,6
0,1,3,4,6,7
0,1,2,4,5,8,9
0,2,7,12
0,1,2,3,4,5,7
0,1,2,7,14
0,1,3,4,7,8
2,5,8,9
0,1,2,4,9
0,1,3,8,9,10
0,2
0,1,3,8,11
0,1,2,4,7,12
0,1,2,7,8
0,1,6,10
1,2,3,4,6,9,11,12
0,1,5,6,8,12,13
0,1,3,4,6,8
0,1,2,3,4,6,7
0,1,2,3,5,12,13
0,1,2,3,5,9
0,1,2,3,5,11
0,1,2,3,4,6,7,8,12
0,1,2,3,5,6,8,11
0,1,6,7,8,9,14
0,2,4,6,7,8,9
0,2,4,5
0,1,2,4,5,7,9
0,1,3,5,11
2,5,6,7,9,13
0,1,2,3,6,7,8,9,10,12
0,1,2,4,6
0,1,2,4,6,7,8,9,10
0,1,2,3,4,7,9
0,1,2,3,4,5,6,7,9
0,1,3,4,5,6,7,8
0,1,2,3,4,5,7
0,1,3,8,9
0,1,3,4,6,9
0,2,3,4,9
0,1,2,3,4,7,9
0,1,2,3,6,8,11,12
0,1,6
1,5,9
2,4,7,9
0,1,4,5,6,7
0,1,2,3,6,8,11
0,1,2,3,5,7,8,10,13
0,2,3,5,6,12
0,1,6
0,1,2,3,6,12
0,1,2,7,8,9
1,11
0,3,8
1,3,4,5,7,9
1,2,3,6,8,9
0,1,4,6,7
0,1,2,6,7,8
0,1,3,4,6,8
0,2,3,5,6,8
0,1,2,3,7,8,10,12
0,3,4,6,11,14
1,3,6,11
0,1,2,3,5,6,8,12,13
0,1,2,6,7
0,1,2,3,4,5,7,9,10,12
0,1,2,3,4,6,7,12
0,1,2,4,6,7,8,14
0,1,2,5,9
0,1,2,3,8,9
0,1,2,4,5,6,7,8,9,10
0,1,2,3,4,8
0,1,3,5,9,10
0,1,2,4,7
0,1,2,4,5,7,8,9
0,1,2,4,6,7,9
0,1,3,5,6,8,14
0,1,2,3,7,8,9
0,1,2,3,4,7,9,11
0,1,3,4,6,8,9,10,12
0,1,2,4,7,8
0,1,4,9,10,12
0,1,2,4,5,7,9
0,2,3,4,6,7,11
0,1,3,4,7,8
0,1,3,4,5,6,9
0,1,3,7,10
0,2,4,6,7,9
0,1,4,6,7
0,1,2,3,9
0,1,3,4,5,9,14
0,1,2,3,4,7
0,4,5,7
0,1,3,8,10
0,1,3,4,6,7,8,10
0,2,3,4,5,6,8,9,11
0,1,2,3,4,5,7
0,1,2,4,6
0,1,2,4,6
0,1,4,7
0,1,2,3,6,8,11
0,1,2,4,6,7,8,9,10
0,1,2,3,5,7,8
0,1,2,9
0,1,2,3,4,6,7,8
0,5,7,8,9
0,1,2,3,4,6,9
0,1,2,6,7,8,9
0,2,4,6,7,9,10,12
0,2,5,6,7,8,10
0,1,3,4,5,7,9
0,1,2,4
0,1,4,5,9
0,1,7
0,1,5
0,3,5,6,8
0,1,2,3,6,9
0,1,4,5,7,9
0,2,4,5,7
0,1,2,4,6,10
0,1,2,3,4,6,7,8,10
0,1,2,3,4,6,7,10,14
0,1,3,5,9
0,2,6,8,12
2,3,6,7,9
0,1,4,6,8,9,12
0,1,2,3,6,7,11,12
0,1,2,7,12
0,1,2,4
1,2,4,6,7
0,1,3,4,5,7,8
0,1,3,5,7
0,1,2,3,4,5,6,8,10
0,1,2,3,7,8
0,1,2,6,7,9
0,1,6,8,9
0,1,2,4,5,7,8,9
0,1,2,4,7,8,9
0,1,2,3,5,9,10,13
0,1,2,4,6,7
0,1,2,4,7,12
0,1,2,3,6,7,9
0,1,5,7,8,9,10
0,1,2,7,9
0,1,3,5,7,10
0,1,2,3,7,9
0,1,4,6,11
0,1,2,6,7
1,3,4,9
0,1,2,4,6,8
0,1,2,3,4,6,8
0,1,2,3,10
0,1,5,7,9
0,1,2,7,9
0,1,2,3,4,6,7,12
0,1,2,3,5,6,8,13
0,2,4,6,7,11
0,1,2,5,6,7,8,10
0,1,2,4,6,7
0,1,2,7
0,1,2,5,6,7,8
0,1,2,6,7,9,11
0,1,3,4,9,13
0,1,2,4,6,7
0,2,6,7,9
0,1,2,8
0,1,2,4,5,6,7,11
0,1,2,4,6,7
0,1,2,3,4,6,7,9
0,2,5,8
0,2,4,5,7
0,1,2,3,4,7
0,1,4,5,8
0,1,2,6,8,12
0,1,4,6,7
0,1,2,4,6
0,3,5
1,2,3,4,5,8,9
0,1,5,7,9
0,1,2,3,6,7,9,10,13
0,1,2,5,7,8
0,1,2,6,11,12
0,1,2,6,7
0,1,3,4,7,11
0,1,2,6
1,4
0,2,7,12
0,1,2,5,9
0,1,2,4,6,7
0,1,5,11
0,4,7,8
0,1,2,3,8
0,1,2,3,4,9
0,1,3,4,5,6,9,10
0,1,2,3,5,7
0,1,2,3,5,8,9
0,1,2,4,6,7,9,10,12
0,1,6,7
0,1,2,3,4,5,7,8,9,10
0,2,3,4,8,9
0,1,2,4
0,1,2,3,4
0,1,2,3,4,6,7,9
0,1,2,3,5,7,9
0,1,3,4,7
0,2,4,8,9
0,1,3,6,8
0,1,2,8,9
0,1,2,3,4,6,9,10
0,1,2,8
0,1,2,4,7,8,9
0,1,4,7,9
0,1,2,5,8,9
0,2,3,4,6,9
1,4
0,1,2,3,4,5,6,13
0,1,2,6,7,9,10,12
0,1,2,3,4,9,11
0,1,3,4,5,7,9
0,2,5,7,8
0,1,2,4,6,11,12
0,1,4,8
0,1,2,3,5,6,9,11
0,1,2,3,4,7,8,10,14
0,1,2,3,6,9
0,2,6,9,12
0,1,2,6,7,8
0,1,2,3,5,6,8
0,1,2,4,5,8,9
0,1,2,6,9,11
0,1,2,6
0,1,2,3,5,6,9
0,1,2,4,6,9,10,14
0,1,2,6,8,9,12
0,1,2,3,8
0,1,4,6,11
0,1,2,4,5,7,8
0,1,2,5,7
0,1,3,8,9,12,14
0,1,2,3,4,9,10,12
0,1,5,6,7,8,9
0,2,3,4,6,7,8,9,11,14
0,1,3,5,7
0,1,2,4,5,7,8,9,12
0,1,2,3,6,7,9
0,1,2,3,7,8,14
0,1,2,4,6,7,9,12
0,1,3,4,10,14
1,2,3,5,8,11
0,1,2
0,1,2,3,4,8
0,1,3,6,7,9,12,14
0,1,3,6,12
0,1,3,4,7,8,9
0,1,3,4,8,11,14
0,1,2,3,4,8,14
0,2,3,5,6,8,11,13
0,1,2,6,7,12
0,1,2,6
0,1,2,5,7,8
1,3,5,6,9,11,14
0,1,2,3,4,5,7,12
2,9
0,1
1,2,3,5,6,8,9
0,1,2,4,6,7,8
0,2,3,4,5,7,8
0,1,2,3,4,8,9,12,14
0,1,2,3,4,5,9
0,1,3,4,6,9
1,7
0,1,2,4,8
0,2,3,4
0,2,4,7
0,1,2,3,6,7,9,11
0,1,2,4,5,7,10
0,1,2,3,4,7,8,10,12,14
0,1,2,3,4,7,8,9,11
0,1,2,5,6,9,13
0,1,2,7,9
0,1,2,3,5,7
0,1,2,3,4,6,7,10,12
0,1,4,5,7,8,9
0,2,3,6,7,8,14
0,1,2,3,6,7,9,11
1,2,4,5,6,7,10
0,1,3,6,12
0,1,2,6
0,1,3,6,10,13
0,1,5,11,13
1,2,4,6,7,8,9,10
0,1,2,3,4,6,7,9
0,1,2,3,4,5,6,9,11
0,2,3,4,5,6,9
0,1,2,3,6,11,13
0,1,2,3,4,7,9
0,1,2,7
0,1,5,6,11,13
0,1,3,6,8
0,1,2,4,7,8,12,14
0,1,2,3,6,7
0,1,2,3,7,12
0,1,2,3,4
0,1,4,9
0,1,2,3,4,5,6,7,9
0,1,2,3
0,1,2,4,5,7,9,10
0,1,2,3,6,7,8
0,2,4,6,7
0,1,3,5,7,8
0,1,2,5,7,8,9
0,1,3,4,5,7,8
1,2,9,10,12
0,1,2,3,4,8
0,1,2,4,7
0,1,5
1,7,8,9
0,1,2,5,8
0,1,5,6,8,12
0,1,2,4,5,7,9
0,1,2,6,7
0,2,3,5,13
0,2,4,7,8
0,1,2,3,5,12
0,1,2,4,7
0,1,2,3,12
0,1,2,5,9
0,1,4,5,6,7
0,1,2,3,11,13
0,1,2,3,5,6,11,12
0,1,2,5,6,13
0,1,2,4,5,7,9
0,1,2,4,6
0,1,2,3,4,9
0,1,2,4,5,7,8,9,10
0,1,2,6,7
0,1,2,5
0,2,3,7,9,10,12
0,1,2,4,5,7,9
0,1,2,5,9,11
0,1,2,3,8,14
0,1,2,6,9
0,1,3,4,8
0,1
0,1,2,3,4,6
0,1,2,3,7,8
0,1,2,3,7,8,9
0,1,3,4,5,6,8
0,1,2,3,4,5,7,8,9
0,1,3,7,14
0,1,2,4,7,8
0,1,2,3,5,8
0,1,2,3,4,6
0,1,2,3,4
0,1,2
0,1,2,3,4,9
0,2,4,9
0,1,2,3,5,6,7,8,10
0,1,2,3,4,7
0,1,2,4,5,7,8,9
0,1,2,3,4,6,7,8,9,10
0,1,2,4,7
0,1,2,6,12
0,1,2,4,6,7,10
0,1,4,7
0,6,7,8
0,2,4,6
0,1,3,5,8,11,14
2,4,6,7,9
0,1,2,3,4,8
0,1,6,8
0,1,7,9
0,1,2,3,4,7,8
0,1,2,3,5,6,7,8,10
0,2,3,4,5,6,7,9
0,2,3,5,6,7,8,9
0,1,2,6
0,1,2,3,5,7
0,1,2,3,4,5,7
0,1,2,7,9
0,1,2,4,7
0,1,2,4,7,9
0,1,2,3,4,6,9,10,13
0,1,3,4,5,7,8
0,1,2,4,5,7,8,9
0,1,3,8
0,1,2,7
1,2,3,8
0,1,2,3,4,5,6,7,8,10,13
0,1,2,3,7,8,9,10,12
0,2,3,4,7,11
0,2,3,12
0,1,5,7,8,9
0,1,2,5,8
0,1,2,6
0,1,2,4,7
1,2,4,7,8,10,13
0,1,4,8
0,1,2,6,7,9
0,1,2,4,6,7,10,12,14
0,1,2,6,8,11,12
0,1,3,5,6
0,1,2,3,4,7,9
0,1,2,3,4,6,11
0,1,3,4,5,6,11
0,1,2,7,9
0,1,4,5,7,8
0,1,2,3,7,11
0,1,2,3,6,8,14
0,1,2
0,1,2,4,5,8,9
0,1,2,3,6,7,8,10
0,1,3,5,7
0,1,2,6,11
0,1,2,4,6,7,9
0,1,3,7,9
0,2,3,4,9,10
0,1,2,6,7,8,9,10,14
0,1,2,4,6
0,1,2,3,4,6,14
0,1,9
0,1,3,6,11
0,1,2,4,6,7,9
0,4,7,9,11
0,1,2,4,6,7,8,9
0,1,2,4,9
0,1,2,3,5,6,8
0,2,3,5,7,10
0,2,3,5,6
0,1,3,6,7,8
0,1,2,4
0,2,7,9
0,1,3,7
0,1,2,3,4,5,7,8,12
0,1,2,3,4,6
0,1,3,6,7,8
0,2,3,5,7,9
0,1
1,2,4,7
0,1,3,5,6,11
1,4,5,7
0,2,5,6,8
0,1,3,5,7,8,11
0,1,2,3,4,5,7,9,13
0,1,9
0,2,4,7
0,1,3,4,8,9,14
0,1,2,3,5,7
0,1,2,4,9
0,1,2,3,6,7
0,1,2,3,5,6
0,1,3,6,8,11
0,1,2,4,6,7,9,14
0,1,2,4,8
0,1,2,3,6
0,1,4,5,6,9,10,13
0,2,3,4,6,7,9,10,14
0,2,4,5,7,9
0,1,5,7,8,11
0,1,2,3,6,7,9
0,1,4,6,7,8,9
0,1,7,8
0,1,2,3,4,9,10
0,1,2,6,7,8,9
0,3,5,7,8,9,14
0,1,2,4,7
0,1,2,9
0,1,2,4,7,9
0,1,2,3,4,9
0,1,2,3,4,5,8,9
0,1,2,3,8,13
0,1,2,4,7
0,1,3,5,6,8,13
0,1,2,6,13
0,1,3,4,8
0,1,2,3,6,7,8,9
0,1,2,4,5,6,8,10
0,1,3,4,5,6,8,9
0,1,2,4,7,8,10
0,1
2,4,5
2,4
0,1,2,3,4,6,8
1,2,6
0,2
0,1,2,3,5,6,8,12
0,1,2,7,8
0,1,4,6
0,1,4,5,6,7,9
1,2,4,6
0,1,2,5,7,12
0,1,2,7
1,3,6,7
0,1,2,3,7,9,10
0,1,2,4,5,8
0,1,2,6,7
0,1,2,5,6,7,8
0,1,2,3,4,6,7,9,10,12
0,1,2,5
0,1,2,4,7
0,1,2,12
1,2,3,6,8,11
0,1,2,4,6,7,8
0,1,2,3,6,8,9,12,14
0,1,2,3,4,8,12
0,1,2,4,5,6,7,9
0,1,2,6,7
0,1,2
0,1,2,3,6,7,8
0,1,2,5,8,9,10
0,1,2,3,4,5,7
0,1,2,3,4,7,8,11
0,1,2,4,7
0,6,7
0,1,2,3,4,5,8,9
0,2,3,8,9,10,14
0,2,3,6,7,9,10
0,1,2,6,10,14
0,1,2,3,5,7,8,9
0,1,2,3,6,8,9,11
0,1,6,7
0,1,2,7
0,1,2,5,6,8,11,12
0,1,2,6,8,9,10
0,1,2,3,7,8,9
0,1,2,3,4,7,12
0,1,2,4,7,9
0,1,2,8,9
0,1,2,3,4,5,6,7,8,10
0,2,3,4,7,8,9
0,1,2,3,6,11
0,1,3,6,7,8,9,13
0,1,2,4,5,8
0,1,6,7
1,2,4,5,9
0,1,2,3,6,8,11
0,1
0,1,2,3,6,8,12
0,1,2,5,8
0,1,2,3,4,9,13
0,1,3,6,7,9
0,1,5,7,8,9
0,2,3,6,9,10
0,1,2,3
0,1,2,4,8
0,1,2,3,4,8
0,1,2,4,7,9,10
0,1,3,7,14
0,1,4,6,7
0,1,3,4,5,7,8
0,1,2,7,9
0,1,3,4,6,7,11
0,2,4,6
0,1,2,3,4,6,7
0,1,3,4,5,6,7,8,11,14
0,1,3,4,5,6,7
0,1,2,3,6,8,9
0,1,2,3,4,5,9,10
0,1,2,5,6,8,9,14
0,1,4,5,6,7,8,10
0,1,3,4,7,9
0,1,3,4,7,8
0,1,2,4,7,10
0,1,2,8,9
1,2,3,4,8,9
0,1,2,5,7,8,9,10
0,1,2,3,4,6,8
0,1,2,3,5,8,13
0,1,7,9
0,2,3,6,7,9,10
0,1,4,5,8
0,1,2,4
0,1,2,3,9,12
0,1,3,8,10
0,1,2,3,6,7
0,1,2,3,5,13
0,1,4,5,7
0,1,3,4,7,8,9,11,14
0,1,7
0,1,4,5,7,8,9
0,1,3,4,6,7,8
0,1,2,3,4,7,10,13
0,1,2,3,7,9
0,3,4,6,8,9,12
0,1,2,4,5
0,1,2,4,6,7
0,3,4,5,7,8,12
0,1,2,3,7,9
0,2,4,6,7
0,1,2,4,5,7
0,1,8,9
0,1,4,5,9
0,1,2,4,5,6,8
0,1,2,4,8,9
0,1,2,3,5,6,11,12
0,1,3,4,7,8,9
0,1,2,3,4,6,7
1,2,4,5,7,8
0,1,2,3,4,7,8,9
0,2,3,6,8,9
0,1,4,6,7,9
0,1,3,5,6,8,9,12
0,4,6,8,9
0,1,2,3,4,5,6,8,9,10
0,1,2,3,4,6,7,8,9,10
0,1,2,3,4,7,8,10
0,1,2,6,7
0,1,2,3,6,7,9
0,1,2,3,4,5,7,8,10
0,2,3,4,10,12
0,1,5,6,9
0,1,2,4,5,8,9
0,2,8,10
0,2,4,6,7
0,1,8
0,1,2,4,6,10
0,1,2,5,7,8,9
0,1,2,4,6,7,11
0,1,2,7
0,1,2,3,5,6
0,1,4,8
0,1,2,4,6,7,10
0,1,2,3,5
0,1,2,4,9
0,1,2,4,5
0,4,6,7,11
0,1,2,6
0,1,2,5,6,8,9,12
0,2,3,4,6,7,9
1,4,6,7,8
1,6
0,1,3,7,11,12
0,3,6,9,10,12
0,1,2,4,6,9,10,12
0,1,2,3,5,7,8,9
0,1,2,4,6,7,8,10
0,2,8
0,1,2,4
0,1,4,5,7
0,1,2,3,5,14
0,1,2,4,9,10,12
0,1,2,4,7,8,9,12
0,1,3,7,8
0,2,7,9
0,1,4,6,7,8,9
0,1,3,4,6
0,1,2,3,4
0,1,4,5,9
0,1,2,3,4,6,7,12
0,2,3,4,9
1,2,3,5,13
0,1,3,7,9
0,1,2,5,7
0,1,2,4,6,7
0,1,2,6
0,3,5,6,9,10
0,1,2,4,7,9
0,1,2,4,10
0,1,2,4,5,8,9,11
0,1,2,3,5,8,9
0,1,3,5,6,7,8,9,12
0,3,6,9
0,1,5,9
0,1,3,4,5,6,8,11,14
0,1,4,5,8,11
0,1,2,4,9
0,1,2,5,8
0,1,3,6,12
0,2,4,5,7,9
0,1,2,3,5,6,8,12
1,3,4,5,6
2,4,6,7
0,1,2,3,5,6,8
0,1,2,7,8,9,11,14
0,1,4,7,9
0,2,6,9,10
0,1,2,3,6,11
0,1,2,4,6,7,8,9
0,1,2,4,5,9
0,1,3,4,6,7,8,9,10
0,1,3,5,6,7,8,13
0,1,2,3,4,8,11
0,1,2,3,4,8,9
0,1,2,4,6,14
0,1,2,3,4,5,6,7,9,12
0,1,3,6,8,13
0,1,2
0,1,2,3,5,6,13
0,1,2,3,4,8,13
0,1,2,3,4,6
0,1,2,3,4,6,8,9,10,14
0,1,3,4,8,9
0,2,4,5,7
0,1,2,7,9,12
0,1,2,4,5,9
0,1,2,4,10,12
0,1,7
0,1,2,5
0,1,2,3,5,7,9
0,1,3,5,11
0,1,2,3,4,5,6,7,8
0,1,5
0,1,2,3,4,6,8,9
0,1,2,3,4,5,6,8,9
0,1,4,11
0,1,2,3,5,6,7,14
0,1,2,6,7,8
0,1,2,4,5,6,9,11,14
0,1,4,6,7
0,1,2,3,4,7,8
0,1,7
0,1,2,3,7,14
0,1,2,3,6,7,9
0,1,2,3,5,6,11,12
0,2,5,6,7,9,10
0,1,3,6,7,10,14
0,1,2,3,4,5,6
0,1,2,4,6,7,9
0,1,4,5,7,8
0,1,3,6,7,9
0,1,3,4,7,8,9
0,1,2,5,8
0,1,2,3,6,11
0,1,2,3,4,5,7,9
0,1,2,3,5,8,9
0,1,2,3,4,6,10,12
0,1,2,3,4,5,6,7,8,11
0,1,2,3,4,6,7,10,14
0,1,2,3,4,7
0,1,2,4,9,12
1,2,4,5,6,7,8
0,1,2,5
0,1,2,3,7,8
0,1,2,4,6,7
0,1,2,4,5,7,9
0,1,2,3,6,8,10,12
0,2,5,8
0,1,2,6,7,9
0,1,2,3,4,6,7,8,9,12
0,1,2,4,5,7,8
0,3,4,8,12
0,1,2,4,6,9
0,1,3,7,8,9,10
0,1,4,6,7
0,1,2,4,5,6,7,8,9,10,12
0,1,2,4,8
0,2,7
0,2,4,5,8,9
0,2,3,4,6
0,1,2,3,4,6,8,9
0,1,2,7,9,12
0,1,2,5,6,7,9,10
0,3
0,1,2
0,1,2,3,8
2,3,4,7,8
0,2,3,4,7,12
0,1,2,3,4,5,7,8
0,1,7,12,14
0,1,2,3,5
0,1,2,6,7,13
1,2,3,4,6,7,8,9
0,1,2,4,5,7,11
0,1,2,3,10
0,1,2,5,8,12
0,2,4,6,7
0,1,3,5,6,7,8,9,10
0,1,2,4,6
0,1,2,3,5,11,14
0,1,2,3,6,7,9
0,1,4,5
0,1,2,3,4,6,7
0,1,2,4,7,8,9
0,1,7,9
0,1,2,3,7,9
1,3,4,5,6,7,8,10,13
0,2,6,7
0,1,2,4,6,7
0,1,2,4
0,1,2,3,4,5,7
0,1,3,4,5,6,11
0,1,2,3,4,7,8
1,3,6,7,11,12
0,1,2,3,4,6,8
0,1,2,4,9
0,4,6,10
0,1,2,9
1,3,4,7,8,10
0,1,2,7,9,10,13
0,1,5
0,1,3,4,6,12
0,1,2,4,5,8,9
0,2,3,4,7,10
0,1,2,4,8,9
0,1,2,3,4,5,7,9
0,1,3,4,5
0,1,3,7,8,10,14
0,1,2,3,6,7,8,9,10,13
0,1,2,3
0,1,3,4,7
0,1,2,5,6,7,9,10,12
0,1,2,3,5,6,8,11
0,1,2,3,4,12,14
0,1,4
0,1,2,3,5,6
0,4,5
0,1,2,3,6,8
0,1,2,3,5,7,8
0,1,4,7
0,1,2,7,9,12
0,1,2,3,5,6,9,11,14
0,1,2,3,4,8,10,14
0,1,2,3,6,8
0,1,2,3,5,6
0,1,2,3,6,8,12,13
0,1,2,3,7,14
0,1,2,6,7
0,1,2,4,6
0,1,2,4,7,8,9,10
0,1,2,3,4,7,9,13
0,1,2,4,5,6,8,10,12
1,3,5,6,8
0,1,2,3,8,12
0,1,2,6
0,1,6,11,12
0,1,5,6,7,8,9,11
0,1,3,7,11,12
0,1,9,11
0,1,3,4
0,1,2,5,8
0,2,4,5,7,8
1,3,5,11,13
0,1,2,5
0,1,2,3,9
0,2,3,6,8
0,1,5
0,1,2,3,4,6,7,8,9
0,1,5,7,8
0,5,7,8
0,1,2,4,9
0,1,2,6,7,11,12
0,3,4,7,9
0,1,2,3,5,6,9
0,1,4,7,9
0,1,2,3,4,7,8,10,12
0,1,2,3,6,9,11,12
0,1,3,4,6,9,11,12
0,1,2,3,4,5
0,1,2,6,7
0,2,4,5,9
0,1,2,7
1,2,4,6
0,1,2,3,4,7,11,14
0,1,2,3,4,7
0,1,3,6,7,9,11
1,2,6,7
0,1,2,4,7
0,1,2,3,7,8
0,1,2,3,4,6,8,9
0,1,2,6
0,1,2,4,6,12
0,1,2,5,6,7
0,2,3,5,6,11,12
0,2,3,5,6,7,10,13
0,2,3
0,1,2,4
0,1,5,7,9
0,1,4,5,8
0,1,3,7,8,12
0,1,2,3,4,5,7,9,13
0,1,2,3,6,7
0,1,4,6,7
0,1,4,5,7,9
0,2,4,5,8,9
0,1,9
0,2,3,4,5,6,7,8,9,10,13
0,1,3,4,6,10,13
0,1,2,3,4,7,10,12,14
0,1,2,4,5,7,8,9
0,1,2,4,5,7,9
0,1,3,4,5,6,10,12
0,1,2,3,7,8,9
0,1,4,6,7,9
0,1,2,3,6,7,10
0,1,2,3,4,7,8,12
0,1,2,4,6,9,12,14
0,1,2,4,5,6,12
0,1,3,4,5,7,9,10
0,1,2,4,5,7,8
0,1,2,4,6,7,8,10
0,1,3,6,7,9
0,1,3,5
0,1,2,3,4,5,7,14
0,3,4,5,6,7,8,9
0,1,5,6,7,10
0,2,3,4,8
0,1,6,7,12
0,1,2,3,4,5,7,9
0,1,2,4,9,13
0,1,3,5,9
0,1,2,4
0,2,4,5
0,1,5,6,7,9
0,1,2,3,6
0,1,5,6,10
0,1,2,3,4,5,7,8
0,1,2,4,8,9
0,1,2,3,6
0,1,2,4
0,1,2,3,4,5,6,7,9,14
0,4,5,6,9,10,12
0,1,2,3,6,7,9,12
0,4,5,6,7,8,9,10,12
0,1,2,6,7
0,1,2,3,6,8,11,12
0,1,4,5,7,8
0,2,9,10,12
0,1,2,4,5,6,8,10,13
0,1,3,5,6,7
0,1,2,3,4,5,9,11
0,1,2,6,7,9,12
0,1,2,4,6,12
0,3,5,6,7,8,11
0,1,2,4,6,7,12
0,1,2,3,5,6,8,12,13
0,1,2,4,5,8,9
0,1,3,4,6,8
0,1,3,4,5,9,14
0,1,2,4,5,9
0,1,8
0,1,3,4,7,9
0,2,3,6,8,9,14
0,1,2,4,8,10,12
0,6,8
0,1,2,4,5,9
0,1,2,8
0,1,2,4,7,8
0,1,3,4,6,7,8,9,10,14
0,1,2,4,6,7
0,1,2,4,6
0,6,7
0,1,2,3,4,5,7,8,9
0,1,3,4,5,7,11,14
0,1,3,4,7,9
0,1,2,4,5,9,10
0,1,2,3,5,7,9
0,1,2,3,4,5,6,7,8,9
1,5,6,8,9,13
0,3,5,6,11
0,1,8,9
0,2,6,12,13
2,3,4,6,7,12
0,1,2,4,5,6,7,8
0,1,2,6,7
0,1,2,4,8,9
0,1,4,7
0,1,3,10,12
0,1,2,3,5,6,7,8,14
0,1,2,6,7
0,1,4,5,6,10
1,2,9,10
0,1,3,5,6,9
0,1,2,4,7,8
0,1,4,8,9
0,1,2,4,6,7,12
0,1,4,5,6,8
0,1,3,5,6,7,10
2,5
0,1,2,3,5,9,10
0,1,4,7,8
0,1,2,4,6,7,8,10,12
0,1,4,6,7,9
0,1,3,4,9
1,2,3,6,7,8,9,10,12
0,1,4,5,6,7,9,12
0,1,2,3,5,7,9,10
0,1,2,3,4,8
0,1,2,3,7,11
0,4,7,9
0,1,2,7
0,1,2,3,6,7,9,11
0,2,3,6,7,8,9
0,1,2,3,4,7,9,10
0,1,3,4,8
0,1,2,9,11,14
1,3
0,1,3,4,5,7,8
0,2,4,7,8,9
1,2,5,7,8,9
0,1,3,5,7,10
0,2,4,6,9,12
0,1,2,4,6,7,12
0,1,2,5,6,12
0,1,2,3,8,11,12
0,1,2,3,4,6,9
0,4,5,9,13
0,1,2,5,11,12
0,1,2,4
0,1,4,6,7
1,3,6,11
0,1,2,3,5,6,8,12
1,3,4,5,6,7,9,12
0,1,3,7,14
0,1,2,4,8,9
0,1,4,6,7,9,12
0,1,4,5,8
0,1,4,7
0,2,7,8,10
0,1,2
0,1,2,7
0,1,2,5,8
0,1,2,3,4,6,7,8,10
0,1,2,3,5,11
0,1,4,9
0,1,3,4,9,10,12,14
0,1,2,7,8,14
0,1,2,9
0,1,3,4,6,7,8,9
0,1,2,3,6,7,8
0,1,2,6,7
0,1,3,4,7,9
0,1,2,3,4,8,14
0,1,2,3,4,5,6,7,8,9,13
0,1,3,4,5,6,8,10
0,2,3,4,6,7,9,12
0,1,2,6,7
0,1,2,5
0,1,2,5,6,8
0,1,2,3,4,5,9
0,1,2,3,6,8,9,11
0,4,5,6,9
0,1,4,7
0,1,3,4,8
0,1,3,4,6,9,12
0,1,2,7,14
0,1,2,4,7
0,1,2,3,4,5,7,8
0,1,2,7
0,3,6,8,9
0,1,2,3,7,9,12
0,1,2,4,6
1,2
0,2,3,5,12,13
0,1,2,3,6,7,9,12
0,7,10,14
0,1,2,3,4,12
2,7,8,9
0,1,2,3,4,5,6
0,1,2,3,4,5,8,9
1,2,3,5,6,7,14
0,1,2,3,4,5,6,7,9,11,14
0,1,2,3,4,6,7,8,9,10
0,1,2,6,7,8,9,14
1,2,8,10,12
0,2,4,7,14
0,1,4,7,8
0,1,2,4,6,8,9,10
0,1
0,1,2,3,4,6,7,9
0,1,2,3,4,7
0,2,4
0,1,5,6,7,8,10,12
0,7
0,1,5,6,8,13
0,1,2,4,6
0,1,3,4,6,9
0,1,3,5,6,7,8,11
0,1,2,7,10,14
0,1,2,3,4,7,9
0,5,6,7,9,11
0,1,5,8,12,13
0,7,12
0,1,3,6
0,1,6,7,8,9
0,2,4,5,6
0,1,3,4,7,8
0,1,2,7
0,1,6,7,8,14
0,1,2,4,7
0,1,2,3,7
0,1,4,5,7,8
0,1,2,3,6,9
0,1,2,4,6,8,9
0,1,2,3,8,12
0,1,6,9,12
0,1,2,3,5,6,9
0,1,3,4,5,6,8,10
0,1,2,3,7
0,1,2,4,5,9,12
0,1,3,5,6,8,11,12
0,1,3,4,6,7,8
0,1,2,3,6,7,9,12
0,1,4,7,8,9
0,1,3,4,6,7,9,12,14
0,1,2,5,6
0,1,2
0,1
0,1,2,7,8
0,1,2,4,7,9
0,1,5,7
0,1,2,6,8,9,14
0,1,2,3,11,12
0,1,3,4,7,9
0,1,2,4,6,7
0,3,5,6,7,8,9
0,1,2,3,4,9
0,1,5,7,8,9
0,1,2,6,7
0,1,5,10
0,1,3,4,6,7,14
0,1,2,3,4,6,9,14
0,3,5,6,7,8,10
0,1,2,3,7,8,10
0,1,6,7
0,1,2,6,7,9,11
0,1,3,7,9,11
0,1,3,4,5
2,3,5,6,7,11
0,3,4,6,7,8
0,1,2,3,4,5,6,9,12
0,1,2,4,5,6,9
0,1,2,4,7
1,2,3,4,5,7,9
0,3,4,5,6,7,8,9
0,1,2,5,8,13
0,1,2,6,7,9,10,12
0,1,3,4,11
0,2,4,5,7,9
0,1,3,5,8,9,11
0,1,2,3,4
0,1,2,7
0,1,6
0,1,2,11,12,13
0,1,3,5,6,8
0,3,4,7,8
0,1,2,3,4,6,7,9
0,1,2,3,4,8,9
0,1,2,4,5,7,8,9
0,1,2,7,8
0,1,2,3,4,5,6,9,12
0,1,2,6,9,13
0,1,2,6,7
1,2,3
0,1,2,4,7,9
0,1,2,3,4,6,7,8,9,10,13
0,1,2,3,4,5,6,7,8
0,1,2,3,5,8,10
0,1,2,3,4,7,8,9
0,1,2,3,6,8,9,10,14
0,1,2,4,5,7,8
0,2,3,4,7
0,1,2,3,5,6,13
1,3,4,6
1,2,4,6,7
1,2,3,4,8,9
0,1,2,4,7,12,14
0,1,2,4,6,7
0,2,3,5,7
0,2,3,5,8
0,1,2,3,4,6,8,9
0,1,2,3,4,5,10
0,1,2,3,4,6,7,9,12
0,1,2,3,9,10,12,14
0,1,2,3,6,7,9,11,12
0,1,2,3,4,6,10
0,1,2,3,4,6,7,10,14
0,1,3,6,8,12
0,1,2,5,7,8
0,1,2,4,6,8
1,3,7,8,9,14
0,1,2,3,4,11
1,3,4,7,8,14
0,1,2,3,4,6,8,9,14
0,1,2,3,4,6
0,1,4,7
0,1,2,4,7,9,14
0,1,2,4,5,8,9
0,1,2,3,4,5,7
0,1,4,7,8
0
0,1,2,5,6,8,9
0,1,2,6,8,13
0,4,7
0,1,3,6,8
0,1,2,4,6,7,9,10,12
0,1,2,4,5,7,8,9
1,2,4,5,6,7
0,1,2,3,5,8,11
0,1,2,4,7
0,1,2,4,6
0,1,2,3,4,6,9,13
0,1,5,6
0,9,11,12
0,1,4,5,7,8,9
0,1,2,4,5,7,8,9
0,1,2,5,8,9
0,1,2,5,9
0,2,4,5,6,9,12
0,1,3,4,10
0,2,3,4,5,9
0,1,2,3,7,8,14
0,1,2,3,5,7
0,1,2,11
0,1,3,4,8
0,1,4,5,8
0,1,2,3,4,6,7
0,1,2,3,4,5,7
0,2,3,5,6,8,11,12
1,4,5,6,8,9
0,1,2,5,7,9
0,1,2,4,6
0,1,2,4,5,8,9
0,1,2,3,4,8,12
0,1,2,4,6,7,12
0,1,2,6,7
0,1,2,7,9
0,1,2,3,4,5,7,8,9,10
0,1,3,9
0,1,2,8
0,1,2,3,5,7,11,14
0,1,2,3,7,8,9
0,1,5,6,7,10
0,1,2,4,6,8,9,14
0,2,3,4,5,6,8,9,10
0,1,2,6,7
0,1,2,3,6,12
0,1,2,3,4,6,7,8,12
0,1,2,4,6,7,8
0,1,2,3,4,7,8,9,10
0,1,3,6,9,10
0,1,3,4,6
0,1,5,7,8
0,1,2,3,7,9
1,4,6,7,8,9
0,1,2,4,5,7
0,1,3,8,12
0,1,2,6,11,12
0,1,2,5,6,8
1,3,4,6,10
0,1,2,3,4,5,7,8,9
0,1,2,4,5,7
0,2,4
0,1,2,4,6,7,9
0,1,2
0,1,2,5,9
0,1,3,4,9,11,12
0,1,2,6,7
0,1,7
0,1,2,3,6,8
0,1,2,3,4,8,9
0,1,2,3,4,5,7,8
0,2,3,5,7,9
0,1,2,4,7,8,9,10
0,1,2,3,6,7,9,10
0,1,2,4,8
0,1,3,7,9
0,2,5
0,1,3,4,5,8
0,1,2,3,6,7,8,13
0,1,2,4,6,11
0,1,3,5
0,1,2,3,5
0,1,5,6
0,2,4,7
0,1,3,8,11,12
0,1,2,5,7
0,1,2,3,4,5,7
0,1,3,4,5,6,7
0,1,4,9
0,1,2,3,4,6,10
0,1,2,3,5,7,9
0,2,5,6,12
0,3,5,6,8
0,1,2,3,5,6,7,8,10
0,1,2,4,5,6,8,9,12
0,1,4,5,7,10,13
0,1,2,7
1,3,4,7
0,1,2,6,11
0,1,4,6,7
0,1,2,4,6,7,8,9,10
0,1,2,7,8
0,1,2,4,7,10
0,1,2,3,6,7,14
0,1,2,3,8,9
0,1,2,3,8,11
0,1,2,5,8
1,2,4,6,7
1,2,3,4,5,7,8,10
0,1,2
0,1,2,3,4,6,7,9,11
0,1,2,3,6,8,9
0,1,2
0,1,2,7
0,1,2,5,7,8,9
0,1,2,3,5,6,8
0,1,4,5,7
0,1,2,3,6
0,3,4,12
0,1,5,9
0,1,4,6,7
0,1,4,5,7,9
0,1,2,7,8
0,1,2,4,5,6,8,9,10
0,1,2,3,4,6,7
0,1,2,3,6,9
0,1,3,5,7,9
0,1,2,3,10
0,1,2,3,7,8,9
0,1,2,3,5,7,9
0,3,7,8,9
0,1,2,3,5,6,7
1,2,8,9
0,1,2,3,4,5,6,7,9,11,14
0,1,2,3,4,5,6,7,8,10,12
0,1,2,3,4,7,9,10,12,14
0,1,3,4,5
0,1,2,3,4,6,7,9
0,1,2,7,8,9,14
0,1,4,5,8,9,10
0,1,2,3,4,7,10
0,1,7,12,14
0,1,2,3,6,8,9,14
0,1,2,3,7,10
0,1,2,3,4,6,7,8,14
0,2,7
0,1,3,4,5,6,8,9,11,14
0,1,4,7
0,2,3,6
0,1,2,3,7,8
0,1,3,4,6,8,9
0,3,4,8
0,1,2,6,9
0,1,4,5,7,8,9,10
1,5
0,1,5,7,9
0,1,2,5,7,8
0,1,2,3,4,7,8,9
0,1,2,8,9
0,1,3,6,7,8
0,1,2
0,1,4,6,7,8,9
0,1,2,4,6,7
0,1,3,6,11
0,1,2,6,7,9,10
0,3,9
0,1,2,4,5,6,8,11,14
1,3,6,7,8,9
1,2,4,5,8
0,1,2,3,4,7
0,1,2,3,4,5,7,9,10
0,1,2,3,5,6,11,12,13
0,1,4,6,7,8
0,1,2,3,4,5,6,7,8,9
0,2,4
0,1,6,7,8,9
0,1,3,4,6,7
0,1,4,5,7
0,2,3,4,6,9,10,12
0,1,2,4,6,7,9
0,1,2,3,7,8,10
0,1,4,5,7,9
0,1,2,3,6,7,9
0,2,5,9,10
0,1,2,4,6
0,1,4,6,7,9
1,2,5,7,9,13
0,1,2,4,12
0,1,2,3,6
0,1,2,4,6,9
0,1,2,4,7
0,1,2,3,4,9,10,12
0,1,2
1,2,4,5,8
0,1,2,3,4,6,8
0,1,2,3,4,7,8,9
0,1,3,4,7,9
0,1,2,4,6,8
0,1,4,7,8,10,13
0,1,2,3,7,11
0,1,4,6,7,9
0,2,4,5,9
0,1,2,5,6,8,11
0,1,2,4,5,7,8,9
0,1,2,3,7,8
0,1,2,3,5,6,8,9,12
0,1,3,6,8,10,13
0,1,2,4,5,8
0,1,2,3,5,6,8,9
1,2,3,4,7
0,1,2,6,7,9,11,12
0,1,2,3,5,6,8,9
0,1,2,6
0,1,6
0,1,2,3,7,9
0,1,2,3,4,6,7,8,9
0,4,7,11
0,1,4,5,7,8
0,1,2,3,5,7
0,1,2,6,7
0,1,2,3,5,12
1,4
0,1,4,6,8,9
0,1,2,3,6,7,9,12
0,1,2,4,9
0,1,2,6,12
0,1,4,5,7
0,1,2,8,12
0,1,2,8,9,12,14
0,1,2,3,4,6,7,8
0,2,7
0,1,2,3,6,7,8,14
0,1,2,4,7,8,9
0,2,4,9,11
0,2,3,4,5,7,9
0,1,2,3,4,5,6,8,10
0,1,2,11
0,1,3,4
0,1,2,4,5
0,1,2,4,7,8,9
0,1,2,3
0,1,3,4,6,7,8
0,1,3,4,8,9
0,1,2,4,8
0,1,2,4,5,7,8,14
0,6,9
0,1,3,4,6
0,1,2,4,7
0,1,5,8
0,1,3,4,6,9
0,4,8,9
0,1,2,3,4,7
0,1,2,5
0,1,6,11
0,1,2,4,6,7
0,1,2,4,5,8,9,10,13
0,1,2,3,4,6,7,8,9,10,12
0,1,2,3,6,7,8,9,10,13
0,1,2,3,5,6,7,9,10
0,2,4,6,7,9
1,2,5,7
0,1,4,6,7
0,1,2,4,7
0,1,4,5,6,7,8,9,11,14
0,1,2,8,9
0,1,3,6,11,12
1,4,5,7,9
0,1,2,3,5,6,11
0,1,2,4,5,9
0,1,2,3,11
0,1,2,3,12,13
0,1,2,3,4,6,7,8,9
0,2,4,6,8,9
0,1,2,7,8,9
0,2,3,6,8,12,13
0,1,6,8,9
0,1,2,3,4,6,11
0,1,2,3,4,6,7,10
0,1,2,3,5
0,1,3,7
0,1,2,4,11,12
0,1,2
0,1,2,3,5,8,10,12
0,1,3,4,6,7,8,10
0,1,2,5
0,1,5,6,8,11,13
0,1,2,3,5,7,8,9
0,1,3,5,6,8,12
0,1,2,5
0,1,2,6,7
1,2,3,5,8,13
0,1,2,4,6,7,8
0,1,2,3,6,8,13
0,1,2,4,5,7
0,1,2,4,8
0,1,2,4,9,11,12
0,1,2,5,7,9
0,1,2,3,4,7,8
0,1,2,6,7,8,14
0,1,2,3,5,6,12
0,1,2,4,6,7
0,1,2,3,4,7
0,1,2,4,7,8,9,13
0,2,4,7
0,1,2,3,4,5,7,8
0,1,2,3,4,6,9,12
0,1,2,5,8
2,3,4,7,10
0,1,2,3,7,8,10,12,14
0,2,5,7,9
0,1,2,4,5,7,9
0,2,3,5,7,10,12
0,3,4,7,8
0,2,6
0,1,4,7
0,1,2,3,4,7,9
0,1,2,3
0,1,2,3,6,7,8,9,10,13
1,2,3,10
1,2,6,7,10,13
0,1,2,3,4,5,7,13
0,1,2,4,6,9,12
0,1,2,3,5,6,8,12,13
0,1,2,8,9
0,1,2,4,7,9
0,1,3,5,6,7
0,1,2,5,7,8,9,11
0,1,2,3,4,9,10,14
0,1,2,3,4,5,7,9
0,2,7
0,1,3,7,9
1,2,6,7
0,1,2,4,5,6,9
0,1,2,3,5,7,8,9,10
1,4,6,7,8,10,14
0,1,2,3,5,6,7,9,10
0,1,2,3,6
0,2,5,9
0,1,2,3,4,6,7,8,9,14
0,1,2,4,9
0,1,2,3,4,8
1,2,3,8
0,1,2,3,4,5,8
0,1
0,1,2,4,7,8,9
0,1,3,5
0,1,2,3,5,8
0,1,2,3,4
0,1,2,7
0,1,5,7
0,1,4,6,11
0,1,2,3,4,5,14
0,1,2,3,5,8,9
0,2,3,6
0,1,3,4,5,7,8,12
0,1,3,4,5,7,9,11
0,1,2,3,4,7,9
0,1,2,3,6,7,8
0,3,7
0,1,2,3,6,8
0,1,2,3,5,8,11
0,1,2,4,5,7
0,1,2,3,4,5,8
0,1,2,3,4,6,7,8,9
0,1,2,7,9
0,1,2,4,8,9
0,1,4,7,8,12
0,1,2,3,8
0,1,2,4,5
0,1,3,4,6,8
0,1,6,7,8,14
0,1,2,3,4,5,8
0,2,3,4,7,8
0,1,2,4,7
0,1,2,3,6,8,11,12
0,2,3,4
0,1,2,4,9
0,1,4
0,2,3,4,6,8,10,12
0,1,2,3
0,1,2,4,9
0,1,2,4,6
0,1,3,5,6,9,10
0,1,2,3,7,8,9
0,1,6,8,9
0,1,3,5,6
0,1,2,3,12,13
0,1,2,4,5,6,7,8,11,14
0,1,2,5,6,12
0,1,2,5,6,8,12
0,1,3,6,9,12
0,1,2,6,7
0,1,4,5,7
0,1,2,3,6,9,14
0,1,3,4,6
0,1,2,3,8,9
0,1,2
0,1,2,4,6
0,1,2,6
0,1,2,3,4,6,7,9,12
0,1
0,1,2,4,6
0,2,3,8
1,2,6,9
0,1,3,7
0,1,4,5,7,9,10,12
0,1,2,8,9,12
0,1,2,3,4,6,8,9
0,1,3,4,5,6,8,9,10
0,1,2,8,11
0,1,2,5,8
0,1,2,3,4,6,8,9,10
0,1,2,3,4,6,11
0,1,2,4,6,7
0,1,2,3,4,6,7,8
0,1,5,9
0,3,4,6,7,8,9,11,14
0,1,2,6,8,9
0,1,2,4,8,9
0,1,2,4,7
0,1,2,3,4,7
0,1,2,5,6,8,11
0,1,2,3,6,8,13
0,1,2,3,4,5,8,9
0,1,2,3,4,6,7,9
0,1,3,4,6,7,10
0,1,2,3,5,7,8,9,14
0,1,3,6,9
0,1,2,3,7,8,9,10
0,1,3,6
0,1,2,7,8,9
0,1,3,4,7,9,10,14
0,1,2,3,11
0,1,2,3,12
0,1,2,4,6,8,10
0,1,2,6,7
0,1,5,11
0,1,2,4
0,3,6,8,10,14
0,1,2,4,7,8,9
0,1,2,3,4,6,7,9,14
0,1,3,6,9
0,1,2,6,8
0,1,2,4,7,8,9
0,1,4,5,6,7,10
0,1,2,3,5,7,8,9
0,1,2,3,4,9,11
0,1,2,3,5
0,1,2,3,6,8,9
0,1,2,3,7,9
0,1,2,5,7
0,1,2,5,6,7
0,1,2,3,4,7,8,9,11
0,1,2,3,6,8
0,2,3,4,7,8,9,10
0,1,2,4,6,11
0,1,3,5,8,11,13
0,2,3,4,9,10
0,1,3,11
0,1,3,4,5,7
0,1,2,4
0,1,2,4,6,8,10
0,1,2,7,9,11
1,4,6,7,8,9
0,1,2,3,4,7,8,10,12
1,2,4,7
0,3,5,6,11,13
0,2,4,6,7,9,12,14
0,1,2,3,4,6,8,9
0,1,2,4
1,2,3,5,6,8,12,13
0,1,2,5,12
0,1,2,4,8
0,1,2,3,4,6
0,1,2,4,6,7
0,1,2,3,4,5
0,1,2,3,4,5,6,7,9
0,1,2,3,6,9,12
0,1,5,8,12,13
1,2,3,6,7,9,14
0,1,2,3,4,7
0,1,2,4,5,7,8,9
0,1,2,6,7,8
0,1,2,7,9
0,1,2,3,4,5,6,8,9,11
0,1,3,9
0,1,2,3,4,6,7,8
0,1
0,1,2,3,4,7
0,2,4,6,7,8,9,10,12
0,1,2,4,7,9
0,1,2,10
0,1,2,3,5,7,8,9,12
0,1,2,3,4,6,7,12
0,1,2,9,13
0,1,2,4,5,6,8,9,12
0,1,2,3,5,8,9,12
0,1,2,8,9
0,1,2,8,12
0,1,4,7
0,1,3,6,7,8,9
0,1,2,3,5,6,7
0,1,4,7,8,9
0,1,2,4
0,1,2,4,6,7,14
0,1,2,5,6,7,8
0,1,3,4,5,7,8,9,11,14
0,1,2,4,7
0,1,2,5,9,10
0,1,5,6,7,8
0,1,2,3,5,7
0,1,2,6,7
0,1,2,3,4,5,6,7,13
0,1,2,4,6,7
1,2,6,7,11
0,1,2,3,4,6
0,1,2,3,4,6,8,9,10
0,1,2,7
0,2,3,5,13
0,1,2,4
0,1,3,4,6,8
0,1,2,3,8
0,1,2,4,6
0,1,2,4,7,9,10
0,1,3,4,5,7,8,9
0,1,2,3,4,5,6,8,9,11
0,1,4,11,12
0,1,2,4,6,7
0,1,2,3,4,5,6,9,13
4,6,7,8,9
0,1,2,3,4,5,8,13
0,1,2,3,4,5,6,7,8
0,1,2,5,6,7
0,1,2,3,5,7,9
0,1,2,3,4,6,7,8
0,1,2,3,4,5,6,7,11,14
0,3,8,11,13
0,1,5,7
0,1,3,4,5,6,7,8
0,1,2,4,6,8
0,1,2,3,4,6,7,9,12
0,2,7,8,9
0,1,2,3,5,6,8,12
0,1,2,5,8
0,1,2,5
0,1,2,6,9
0,2,4,5,6,7,10
0,1,3,6,9
0,1,3,6,7,10
0,1,3,4,6,9,14
0,1,2,5,8
0,1,2,3,4
0,1,3,5,6,7,9
0,1,2,3,4,5,7,8,9
0,1,2,3,4,6,8,10
0,1,2,3,5,7,8,9
0,1,2,6,7,8,10
0,1,2,4
0,1,4,5
0,1,2,3,4,6,9
0,1,3,4,6,7,9,14
0,1,2,3,8,9
0,1,2,3,7,8,9,12
0,1,2,3,4,6,7,9,10,14
0,1,2,3,7,8,10
0,1,3,5,8
0,1,2,3,4,6,8,9
1,2,5,8
0,1,2,4,6
1,2,3,4,5,6,7,9
1,3,4,5,6,7,8
0,1,2,4,7,8
0,1,2,3,4,5,8,9,12
0,1,2,3,4,5
0,1,2,3,4,6
0,1,8,9
0,1,5,7,8,14
0,1,2,3,4,7,8
0,1,2,4
0,1,2,3,4,6,9,14
0,1,3,4,5,6,7,8,9
1,2,4,5,8
0,1,2,4,5,6,8,10
0,1,7,9
0,1,2,3,5,8,11,13
1,2,7,11,12
0,1,4,8
0,1,2,5,7,8
0,1,2,7
0,1,3,4,7
0,1,2,4,6,7
0,1,4,6
0,1,2,3,4,6,8,9
0,1,3,9
0,1,2,3,4,7,8,9,10,12
0,2,4,6,7
0,1,2,4,7
0,1,2,3,4,5,6,7,8
0,1,2,3,4,7,8,9,13
0,1,2,3,4,9,10
0,1,2,5,9
0,1,2,3,5,9
0,1,6,7
0,3,4,5,8
0,1,2,3,4,7,8,13
0,1,6,9
0,1,2,3,4,6,9,11
0,1,2,4,7,8,9,10
0,1,4,6
0,1,2,3,6,8,9,10,14
0,1,2,3
0,1,2,3,4,6,7
0,1,2,4,5,7,9
0,2,3,4,6,7,9,10
0,1,2,3,4,5
0,1,2,3,6,7,9,10,12
0,1,3,4
0,1,2,4,5
0,1,2,4,5,6
0,1,6,7
0,4,5,7,8
0,1,2,3,5,6,7,10,13
0,1,2,3,4,9
0,1,2,4,6,7
0,1,4,5,6,12
0,1,2,5
1,2,3,4,6,7,9,12,14
0,1,2,4,5,6,11,14
0,1,7,9,10,12,14
0,1,2,3,4,7
0,1,3,4,6,7,8
0,1,4,9
0,1,2,5,6,8,9
0,1,2,3,5,6,7,8,9,10
0,1,2,3,7,8,9,12
0,1,2,7,8,9
0,1,2,6,7
0,1,3,4,6,7,10,12
0,1,2,3,4,5,6,8,14
0,1,2,4,5,9
0,1,2,4,6,7,9
0,1,2,3,4,5
0,1,2,3,4,5
0,2,12
0,1,2,3,4,6,8
0,1,2,4,6,7,9
0,1,2,3,7
0,1,2,4,5
1,2,3,5,6,8,11
0,1,2,4,7
0,1,2,3,4,6,12
1,2,3,5,6,9
0,1,2,3,6,8
0,1,2,3,6,12
1,3,4,5,6,7,14
0,1,2,3,5,6,7,8,10
0,1,2,4,9
0,1,2,4,7,11
0,1,2,3,6,7
0,1,2,4,7,8,11
0,1,2,3,4,6,9
0,1,2,3,5,8,13
1,2,6
0,1,2,4,6,7
0,3,4,6,7,8,9,11
0,1,2,3,4,5,6,7,8
0,1,2,3,5,7,8,9
0,1,2,3,4,5,7
0,1,9
0,1,4,5,6,13
0,1,2,3,4,7,9,11,12
0,1,6,9
0,1,2,5,6,8
0,1,2,4,11
0,1,2,3,4,9,12
0,1,2,3,8,10
0,2,3,7
0,1,2,4,9,10,13
0,2,6
0,1,2,3,5,6,13
0,1,2,7
0,1,2,3,4,6,9
0,1,3,5,6,7,10,12
0,1,2,3,9,12
0,1,4,6,8,14
0,1,3,4
1,4,5,6,8,9
0,1,2,5,11
0,1,3,4,5,6,7,8,13
0,1,4,8,9
0,1,2,3,4,6,7,9,10,12
0,1,2,3,5,6,7
0,1,2,4,6,9
1,2,4,6,7
0,1,2,4,6
0,1,2,3,7,9,10,12
0,1,2,3,4,8,12,14
0,1,2,4,9,10
0,1,7,8,9,10,14
0,2,3,9,13
0,1,2,3,6,9,14
0,1,2,4,6,7
0,1,2,5,7,8,9
0,1,2,3,4,5,9
0,1,2,3,4,7,8
0,1,2,3,4
0,1,2,3,11
0,1,2,4,14
0,1,2,4,6,9
0,1,2,4,5
0,1,2,5,6,7,8,11
0,1,2,4,5,9
0,1,2,3,7,9,11,14
0,1,2,3,4,5,7,8,9
0,1,2,3,4,10,12
2,3,4,7,8,9
0,1,5,6,11,13
0,2,3,4,5,6,7,8
0,2,4,7,14
0,3,9
0,1,2,3,4,7,8
0,1,2,6
0,1,2,6,7,9
0,1,3,4,5,7,8,9
0,1,2,4,11
0,1,4,7,8,9,12
0,2,7
0,1,2,4,7
0,1,2,4,6
0,1,2,8,9
0,1,2,7,9
0,5,6
0,1,2,3,5,7,8,9,10
0,1,3,6
0,1,2,3,4,5,6,8,10
0,2,3,8,9
0,1,2,5,7
0,1,2,4,5,7,9
0,1,2,3,4,5,6,7,8,10,13
0,1,2,4,6
0,1,2,3,5,6,9,11
0,1,2,3,7
1,2,6,7,9
0,1,3,4,7,8,10
0,1,2,4,9
0,7,9
0,1,4,5,7
0,1,2,3,6,8
0,1,2,3,5,8,9
0,1,2,7,9
0,1,2,4,6,8,10
1,3,4,7,8,9
0,1,2,5,8,9
0,1,2,3,8
0,1,4,7,8,14
0,1,4,9
0,1,2,5,8
0,1,2,3,6,8,9,10
0,1,3,4,6,8,9,10
0,1,2,5,8,11,12
0,2,5,7,8,9
0,1,3,4,7,9,11
0,1,2,3,5,10
0,1,2,3,4,6,9
0,1,2,3,4,5,7
0,2,4,7,8,9,12,14
0,1,2,3,4,9
1,2,4,5
0,1,2,3,4,5,8
0,1,2,4
0,2,3,7,9,11
0,1,4
0,1,2,3,4,5,10,12
0,1,2,7,9,13
1,2,4,7,8,9
0,1,3,5,6,7,9,13
0,1,2,4,5,7
0,1,2,3,9,10,14
0,1,2,3,5,8,9,10,12
0,1,2,3,4,6,7,9
0,2,3,7,9,14
0,1,3,4,5,6,7,8,13
1,2,7
0,1,2,4,5,9
0,1,4,7
0,1,2,5,6,9,10
0,1,3,4,6,7,8
0,1,2,4,7
0,1,2,5,8,11,13
0,1,2,7,8
0,1,4,5,6,9,10
0,1
0,1,2,4,6,8,9
0,1,2,3,4,6,7,9,12
0,1,2,5,7,8,9
0,1,2,3,5,8,9,12
0,4,5,9
0,1,2,3,6,7
0,1,2,3,5,6,11,13
0,1,3,6,11,14
0,1,2,3,4,8
0,1,2,4,6,9
1,2,4,6,7
0,2,6
0,1,3,5,6,8,12
0,1,2,3,4,6,7
0,2,4,5,8
0,1,2,3,4,6,9
0,2,4
0,2,9
1,2,3,4,6,9
0,1,2,3,4,5,7,8
0,1,5,8,9
0,1,2,6,7
1,2,3,5,6,7,9
0,1,4,5,7,9
0,1,2,3,4,6,9
0,1,4,7
0,3,6,11,13
0,2,3,4,6,7
0,1,2,5,11,12
0,1,4,7
0,2,3,4,6,8
0,1,4,5,6,7,8,11,14
0,1,5,7
0,1,2,5
0,1,2,3,4,6,7,9
0,1,7
0,1,2,5,12
0,5,7,8,9
1,2,4,6,8,9
0,1,2,3,4,5,6,10,13
0,1,3,6,9,11
0,1,2,3,5,8
0,1,2,6,10
0,1,2,7
0,1,2,4,5,6,7,8
0,1,5,7,8
0,1,3,4,8
0,1,3,6,12
0,1,2,4,7,8
2,3,4,5,7,8
0,1,2,4,6,7,11
0,1,2,5,6,8,12,13
0,1,4,6,8,10,14
0,1,2,3,4,7,9
0,2,3,7,8,9
0
0,1,2,5
0,1,2,3,5,9
0,1,2,3,4,8,12
0,1,4,5,7,8
0,2,4,7
0,1,2,5,6,8
1,2,3,4,5,6,7,8
0,1,2,3,7,9
0,1,2,3,4,6,9,12
0,2,3,5,6,8,12,13
0,1,3,7,8,9
0,1,2,3,7
0,1,2
0,1,2,3,4,6,7,8,9,13
0,1,3,6,7,9
0,1,4,5,7,8,9
0,1,4,5,9
0,1,2,3,4,9
0,1,2,4,7
1,2,3,6,7,8
0,1,2,3,7,8
0,1,2,4,6,9,14
3,4,6,9,12
0,1,4,9
1,3,4,6,7,8,10,14
0,1,2,4,6,7
0,1,2,4,6
1,2,3,11
1,2
0,1,2,6,7,9
0,1,2,5,7,9
0,1,3,6,7
0,1,2,6,8,12,13
0,1,2,3,4,7,9
0,1,2,5,6,8,11,13
0,1,2,3,4,7,8,10,12
0,1,2,6,7,10
0,4,6
0,1,4,5,9
0,1,3
0,1,2,4
0,1,3,8,9
0,1,3,4,6,7,8
0,1
0,1,2,5,6
2,3,4,5,7,9
0,1,2,6,7,10,14
0,1,2,6,7,8,9
0,4,6,7,8,9
0,2,3,5,7,8
0,1,2,5,8
0,1,2,3,4,5,6
0,1,2,4,6,7
0,1,2,3,4,6,12
0,2,7,8,9
0,1,2,11,12,13
0,1,3,4,12,14
0,1,4,5,6,11
0,2,3,4,5,9
1,4,8
0,1,2,4,6,7,9,10,14
0,1,2,4,6,7
0,1,2,4,6,7
0,1,2,3,4,6,7
1,4,6,7
0,1,2,3,4,6,9
0,1,2,3,4,7,8
0,1,2,3,8,9
0,1,2,4,5,6,7,8
0,1,2,4,7,9
0,1,3,8,9
0,2,4,6
0,2,6,8,12
0,2,3,4,6
0,1,2,4,6,7,8,10
0,2,3,4,6,8,12
0,7
0,1,2,5,8,11,12
0,1,5,7,8,9,10
0,1,4,7,8,10
0,1,2,3,4,6,7,8,10
0,1,2,3,4,6,7,11
0,1,2,4,6,7
0,1,2,3,7,9
0,1,2,3,4,5,6,7,8,9
0,1,2,3,5,6,8,12,13
0,1,2,4,6
1,2,4,9,11
1,3,6,9,10,13
0,2,3,4
0,1,3,4,5,7
0,1,2,3,7,9
0,1,3,5,8
0,1,2,5,6,8,13
0,1,2,5,8,11
0,1,2,4,5,7,8
0,1,2,4,5,7,14
0,1,2,3,4,9
0,1,2,6,7
0,1,2,3,4,5,8
0,2,3,4,6
0,2,4,5,6,7,8,9
0,1,7
1,2,3,5,6,8,9,11
0,1,2,6
0,1,2,8,13
0,2,4,12
0,2,3,6,9
0,1,3,6,7
0,1,2,4
0,1,2,3,4,7,9
0,1,4,6,9,10,12
0,1,2,3,6,7
0,1,3,8,9
0,1,2,6,9
0,1,3,5,7,8,9,12
0,1,2,6,7,14
0,1,2
0,2,3,4,6,7,11,12
0,1,2,3,5,12,13
0,1,2,3,4,6,9
0,2,7,9
0,1,2,4,6
0,1,2,9
0,1,2,3,4,6,8,9
0,2,7
0,1,4,5,7
0,1,2,3,6,7,9
0,1,2,6,10
0,1,4,6,11
0,1,2,3,4,5,7,8
0,1,2,3,6,8
0,1,2,3,5,7,8,11
0,1,4,6,9
0,2,3,4
0,1,3,4,5,8,9,10
0,1,2,3,8,9,10
0,2,4,6,7,8,9,14
0,4,5,7,8
0,1,2,6,8,10,12,14
0,1,2,3,4,5,6,7
0,1,3,4,5,8
0,1,4,7
0,1,7,8
0,1,3,4
0,1,2,4,5,6,7,8,10
0,1,3,5,7,9,10,12
0,1,2,3,4,5,7,9
0,1,2,3,6,13
0,1,2,4,7
0,1,2
0,2,4,6
0,1,2,3,4,6,8,9,10
0,1,2,3,5,6,8,13
0,1,2,4,5,7,9
0,1,4,5,7,8
0,1,5,7,9
0,1,4,5,7
0,1,2,3,4,7,8,9,10
0,1,4,7
0,1,5,9,13
0,5,6,7,8,9,13
0,1,3,5,7,8
0,1,2,3,7,11
0,1,2,3,4,7,9
0,1,2,4,8,9
0,1,2,4,7,8,9,12
0,1,3,4,6,7,13
0,1,2,3,4,5,7,10,13
0,2,6
0,1,2,3,7,9
0,1,3,4,9,13
0,1,3,4,6,7,8
0,1,2,3,4,6,7,8,9,12
0,1,2,6,7
0,2,3,5,9
0,1,2,7
0,1,2,5,7,8,9
0,1,2,3,5,11
0,1,2,4,5,6,7,8
0,1,2,4,6,7
0,1,3,4,5,8,10,12
0,1,2,4,7
0,1,2,7,8,9
0,1,6
0,1,2,4,5,8
0,1,2,4,7,9,10
0,1,2,5,7,9
1,2,4,8
0,1,4,5,9
0,1,2,3,6,7,8,9,10,14
0,1,2,3,8
0,1,2,3,5,6,7
0,1,2,3,7,12
0,1,4,6
1,2,3,4,5,6,8,10
0,1,3,6,7
0,1,3,4,6
0,1,2,3,4,7,8
0,1,2,5
0,1,2,3,7,8,9,14
0,1,2,5,7,8
0,1,2,3,5,8
0,1,3,4,6,7,8,9,14
0,1,2,6,7,9
3,4,5,10
0,1,2,3,4,6,8,9
0,4,5,7,8
0,1,4,7,8,9
0,1,4,5,7,10
0,1,2,3,4,6,11,12
0,1,3,4,5,8,9,11,14
0,1,2,5,6,8,11,12
0,4,6,7,9
0,1,6,8,14
0,2,3,6,7,8,9,10
0,1,4,7,8,9,11
0,1,4,5,6,7,11
0,1,2,3,4,12
0,1,3,4,7,9,11
0,1,2,3,4,5,7,9,10,13
0,1,7,8,11,14
0,1,3,5,12
0,1,2,3,4,8,10,14
0,6,7,9
0,1,2,3,4,5,8,9
0,1,2,3,4,6,7,8,9,14
0,2,6
0,1,2,4,7,8,9
1,2,3,4,6,8,10
0,1,2,4,6,7
0,2,3,8,9
0,4,5,9
0,1,2,3,5
0,1,2,4,6,7,8
0,1,2,3,5,6,8,11,12
0,1,3,7,11,14
0,1,2,3,8
0,1,2,3,5,6,8,11
0,1,2,3,4,7,8
1,3,4
0,1,2,3,8,10
0,5,7,8,9
0,1,2,3,5,6,11
0,1,2,3,4,5,6,7,13
1,2,6,7
0,1,2,3,4,6,7
0,1,2,5,6,7
0,1,2,3,4,6,7,11,12
0,1,3,9,12
0,1,3,6
0,1,2,3,4,5,6,7,8
0,1,2,3
0,2,6,8,11
0,3,5,7,8,9,11
0,1,2,3,5,6,8,13
0,1,3,7,8
0,1,3,4,6,7
0,1,3,5,6,8,11,13
0,1,2,3,6,7,11,12
0,1,3,6,8
0,1,2,5,8,10,12
0,2,3,5,6,12,13
1
0,1,4,7,9
0,1,3,4,8,9
0,1,4,6,7,9,12
0,1,6,8,9,14
0,1,2,4,7,9
0,1,2,6,8,9,10
0,1,3,4,5,6,8,9
0,2,3,4,5,7,8
0,1,2,5,6,11,12
0,1,2,3,4,5,6,9
0,1,2,3,5,6,11,13
0,1,2,6,11
0,1,5,7
0,1,2,6,7
0,2,4,6
0,1,2,4
0,1,2,4
0,1,2,3,5,6,13
0,1,2,3,8,9,12
0,1,2
0,1,4,8
0,1,2,7,8,9,11
1,2,5,6,9
0,2,3,4,6,7,9
0,1,2,5,7
0,1,2,3,4,7,9
0,1,2,4,7
0,1,2,3,12
0,1,2,3,4,6,7
0,1,2,3,4,5,6,9,10
0,1,2,4,7,9
0,1,3,4
0,1,2,5,7,9
0,1,2,4,6
0,1,2,5,8,13
0,1,2,3,5,7,9
0,1,2,3
0,1,2,3,4,5,7,8,14
0,1,5,6,11,13
0,3,5,8
0,1,3,7,10
0,1,2,4,5,7,9
0,2,7,8,9
0,1,5,6,7,8,10
0,1,2,4,7
0,1,2,8,12,13
0,1,2,4,6,12
0,1,2,3,6,11
0,3,5,6,8,13
0,1,2,4,7,8,9
0,1,2,3,5,6,9,11,14
0,3,5,6,8,12
0,2,3,4,6,8,9,13
0,2,4,6,8,9
0,1,2,7
0,1,2,4,5,8
0,1,2,4,7
0,1,2,3,4,5,7
1,2,3,4,7,9,11,12
0,1,3,4,5,7,8,9
0,1,2,6,7
0,1,3,4,7,8,9
0,1,2,3,5,6,8,10
0,1,3,4,6,9
0,1,2,3,4,6,7,8
0,1,2,4,6,9,12
0,1,4,6,7,10,12
0,1,2,3,10,12,14
0,3
0,1,2,5,6,11,12
0,1,2,5,6,11
0,1,4,7
1,2,4,9
0,1,2,3,5,8
0,1,3,8,14
0,1,2,5,6,8,11,12
0,1,2,4,5,8,9
0,8
0,1,2,6,8
0,4,6,8,9,10,12
0,1,2,3,4,5,6,7,9,10
0,1,2,3,4,7,9
0,3,6,8,9
0,1,3,5,7,13
1,2,3,6,8
0,1,2,3,5,6,11,12
0,2,3,4,5,6,7,10
0,2,3,7,9,10,12
0,1,2,3,4,7,8,11
0,1,2,3,5
0,1,2,5,6,7,8,9,12
0,2,3,4,5,6,8
0,1,2,3,4,5,6,8,9,11,14
0,1,9,12
0,1,2,3,5,11
0,1,2,4,6,7
0,1,2,4,5,6
0,1,4,6,7
0,1,2,3,4,5,8,9,10,13
0,1,2,5,8,9
0,1,2,5,7,8,9
0,1,2,3,6,8,9
0,2,4,7
0,1,7
0,1,4,5
0,1,2,3,6,8,12
0,2,3,4,5
0,2,3,4,5,7,8,9
0,1,2,3,5,11,13
0,1,2,3,4,7,8,9,11,14
0,1,2,4,5,7,9
0,1,4,6
0,1,3,4,6,7,8,9,14
0,1,2,3,9
0,1,3,4,7,9
0,1,2,3,10,12,14
0,1,2,3,4,8
0,1,2,8
0,1,2,3,4,5,6,7,9
0,1,2,4,7
0,1,2,3,6,12
0,1,6
0,1,2,6
0,1,3,6,7,12
0,1,2,7,9
0,1,2,3,4,5,6,7,10
1,2,4,7,9
0,1,2,3,5,6,8,13
0,1,3,4,7,9
0,1,6,8,13
0,1,3,5,8,12
0,1,3,4,5,13
0,1,2,3,4,6,8,10
0,1,4,5,6,8
0,1,2,4,5,7,8,9
0,1,3,6,11,12
0,1,2,4,6,11
1,2,4
0,1,2,7,8,9
0,1,2,4,6,8
0,1,4,5,7,9,10,13
0,1,2,3,7
0,1,3,4,8
0,1,2,4,7
0,1,2,6,7,9,10
0,1,2,3,4,6,7,8
0,1,2,3,4,7,8,9
0,1,2,3,4,6,7,8,9
0,1,3,4,8
0,1,14
0,1,2,4,9,10,12
0,1,3,9,10
0,1,2,3,4,6,9
0,1,4
0,1,2,6,8
0,1,2,7,9
0,2,8
0,1,3,4,5,8,9
0,1
0,1,2,3,7,11
1,2,6,7
0,1,4,5,7,8,9,10,13
0,1,3,4,9
0,1,4,5,9,11
0,1,2,3,4
0,1,3,4,6,7,8,9,12
0,1,6,7
0,1,2,3,6
0,1,5,6,8,10
0,1,2,7,8,9
0,1,2,3,4,6,7,9,10
0,1,6
0,1,6
0,1,2,3,5,8,11
0,1,3,4,7,8,9
0,2,3,5,6,8,13
0,1,2,4,7
0,1,3,11,12
0,1,2,5,12
0,1
0,1,3,5,8,11,12
0,1,4,6,7
0,1,2,8,9
0,1,2,8,11,14
0,2,4
0,1,2,3,7
0,1,2,6,9,11,12
0,1,2,3,5,6,11,12
0,1,3,6,7
0,1,2,8
0,1,2,4,7,8
0,1,2,3,6,7,8
0,1,2,3,4,11
0,1,2,3,5,6,11,12
1,2,7
0,1,2,3,4,7,12
1,2,4
0,1,2,4,6
0,1,2,4,6,7
0,1,2,4,5,6,7,9
0,1,2,3,4,5,7
0,1,2
0,1,3,4,5,6,8
0,1,2,3,6,11
0,1,2,3,4,6,7
0
0,1,2,3,6,7,11
0,1,6,7,11
0,1,2,3,5,6,12
0,1,4,8,9
0,1,2,8
0,1,2,4,9
0,1,2,3,4,5,7,9
0,1,3,8,12
0,1,2,4,6
0,1,2,6,9
0,1,2,5
0,1,2,3,4,9
0,1,2,3,4,7,8
0,1,2,3,5,8,11
0,1,3,4,5,6,8,10,12
0,1,2,4,8
0,1,3,4,6,7,8
0,1,2,3,6
0,1,2,3,4,5,6,7,9,11
0,1,2,4,5,7,8
0,1,2,3,6,8,9
0,1,2,3,4,6,7
0,1,2,3,4,6,8,9
1,2,3,4,5,6,7,10
0,1,3,4,7
0,1,2,4,8,9
0,1,5
0,1,2,3,4,8,9
0,2,3,4,5,7
0,1,3,6,8,10
0,1,2,3,6,8,11
0,1,3,4,5,6,8,9,10
0,1,2,3,4,6,7,8,9,12
0,1,2,3,5,8,9,11
7,8
0,1,2,3,4,8,12
0,1,2,3,4,7,12
0,1,2,4,6,7,8,11
0,1,2,3,5,7,8,9
0,1,2,4
0,1,2,3,4,5,6,7,9,13
0,1,3,5,12
0,2,6,7
0,1,2,3,4,11
0,3,4,6,9
0,1,2,3,4,5,8,9
0,1,3,4,6,7,8,9,10
0,1,2,4,5,7
0,1,3,7,10,12
1,2,8
0,2,7,8,9
0,1,3,4,5,6,7,8,10,13
0,1,2,3,5,11
0,1,2,4,5,9
0,1,3,4,5,8,9
0,1,2,4,7,9
0,1,3,6,9,11,12
0,1,2,3,4,6,9
0,1,3,5,12,13
0,1,4,5,7,8
0,1,2,3,6,11
0,1,3,4,7,11
1,2,4
0,1,2,3,4,6,7,11
0,1,2,4,7,8
0,1,2,3,4,7,9,11
0,1,2,4,5,8
0,1,4,7,8,9
0,1,2,3,6,7,8
0,1,2,3,4,5,6,8
0,1,4,5
0,1,2,3,5,6
1,2,3,6,7,9
0,2,4,6,7,8,9,12
0,1,2,11
0,4,6,7
0,1,2,4,7
2,3,4,6,8,9
0,1,2,4,8
0,1,2,5,6,7
0,1,2,3,7,9
0,1,2,3,4,5,8
0,1,3,4,5,6,7,8
0,1,2,3,6
0,1,2,4,7,9,10
0,1,2,7
0,1,2,3,8
0,1,5,8,13
0,2,3,4,5,8,10,12
0,1,2,4,5,7
0,1,2,4,6,7,11,14
0,1,3,4,6,7,8,9,10
0,2,3,4,6
0,3,4,5,7,8,9,12
0,1,2,5,7,8,9
0,1,2,3,7,8,14
0,1,2,3,4,6,7,8,10
0,1,5,7
0,1,2,3,4,8
1,4,5,9
0,1,2,5,6,7,8,9,11
0,1,2,3,4,7,9
0,1,3,6,9,10
0,1,3,5,7,8,9
0,1,2,3,13
0,1,3,4,5,6,7,10
0,1,3,4,5,8,10,12
0,7
0,1,2,5,7,8,9
0,1,2,4,6
0,1,2,3,4,6,9,10,12
0,1,2,3,4,7
0,1,3,6,11,12,13
2,5,6,7,9,12
0,1,3,4,7
0,4,7,8
0,2,5,6,8,9,11,14
0,1,4,7
0,1,3,4,6,7,8,9,10,12
0,1,5,7,8,9
0,1,2,5,6,10,12
0,1,4,9
0,1,2,4,6,10,12
0,1,2,3,4,8
0,2,7,9
0,1,2,3,5,6,7,8
1,2,4,5,6
0,1,2,4,8,9,14
0,1,2,3,4,6
0,2,3,8,9
0,1,2,3,4
0,1,2,4,6
0,1,5,6,8,12
0,1,2,3,4,5,7,8,9,12
0,1,2,3,4,6
0,5,7,8
0,1,2,3,4,8
0,1,2,7,8
0,2,3,7,9
0,1,2,6
0,1,2,4,6,7
0,1
0,1,2,3,4,6,7,8
0,1,13
0,1,2,4,6,7,8,9
0,1,2,7,8,9
0,1,2,3,4,5,7,9
0,1,2,5,10,12
0,1,2,3,4,7,12
0,1,2,3,4,6,7,12
0,1,4,7
0,1,2,3,4,6,7,11,12
0,1,2,3,4,5
0,1,2,3,4,5,6,7,8
0,2,3,4,7,9,11
0,1,2,3,4,5,7,10,13
0,1,2,3,6,8,11,13
0,1,2,4,6,7
0,1,2,3,5,6,8
0,2,4,6,7,8,9,14
2,4,6,8
0,1,3,4,5
0,1,2,4,6,7
1,2,7,9,11
0,1,3,6,12
0,2,3,4,5,7,8,9
0,1,2,3,5,8,12
0,1,2,3,5
0,1,2,5,7,9,10,12
0,1,2,3,5,8
0,1,3,5,6,10
0,1,3,7,8,10,12
0,1,2,3,4,6,7,11,12
0,2,3,4,5,7,8,9
0,1,2,6,9
0,1,2,4,8
0,1,2,3,4,6,7,9
0,1,2,4,5,8
0,1,2,3,4,6,9,12
0,1,3,5,6,8,11,13
0,1,2,3,4,6,7,9,12
0,1,3,4,6,7,8,14
0,1,2,3,5,6
0,1,3,4,5,7,8,9
0,1,3,4,5,7,8,13
0,1,2,4,5,8,9
0,1,4,5,9
0,1,2,5,8,11,12
0,1
0,1,2,4,5,7,9
0,1,2,4,5,8,9
0,1,2,9
0,1,2,5,6,7,8,9
0,1,2,4,5,7,8
0,1,2,7,9,12,14
0,1,2,3,4,6,11
0,1,3,5,6
0,1,2,3,4,5,9
0,1,2,3,7,8,10,12,14
0,1,2,3,5,7,8
0,1,6,7
0,1,2,7
0,1,2,4,7,8,9,14
0,1,3,9,10
0,1,2,3,4,7,9,10,13
0,1,2,6,8,9,14
0,1,2,6,7
0,2,4,7,11
0,1,4,7,8
0,1,2,4,6
0,1,2,7
0,2,6,9
0,1,3,4,7,8,9,11,14
0,1,2,3,4,5,6,8,9
1,2,3,5,8
0,1,2,3,4,6,7,11
0,1,2,3,4,6,9
0,1,2,9
0,1,2,3,4,6
0,1,2,3,6
0,1,7,9
0,4,5,6,7,10
0,1,2,5,7,9
0,1,2,3,5,8,11,13
0,1,2,3,4,7,8
0,1
0,1,2,4,8,9,13
0,1,2,7
0,1,2,3,5,9
0,1,3,4,5
0,2,3,7,10,12,14
0,1,7
0,7,8,9
1,3,7,9
0,1,2,3,4,6,7,8,9
0,3,4,6,7
0,1,2,3,4,7
0,1,2,4,5,8
0,1,4,5,7,9,10
0,1,2,3,7,9,12
0,1,2,5,9
0,1,2,4,5,7,9
0,1,2,5,7,8
0,1,4,7
0,1,2,10
0,3,6,9
0,1,2,7,9,10,12
0,1,2,3,4,6,7,9
0,1,3,4,6,7,14
0,1,2,3,5,7,9
0,1,3,11
0,1,2,3,4,6,7,9
0,3,4,5,6,8,12
0,1,2,4,6,7
0,1
0,1,2,3,9,11,12
0,1,2,3,6,8
0,1,2,4,5,7,8,9
0,1,2,4,5,11
0,1,2,3,4,7
0,1,2,6,7,10,13
0,1,2,3,4,6
0,1,2,3,4,5,8,12
0,1,3,4,6,7,8,9
0,2,7,9
0,1,2,7,9,11
0,1,3,6,8
0,1,2,3,6,7,12
0,1,2,7
0,2,7
0,1,3,4,5,10,12
0,1,7
0,1,2,7,8
0,1,4
0,1,2,5
0,1,2,4,6,7,9
0,1,2,4,8,13
0,1,4,5,6,9
0,1,2,4,7,9,12,14
0,1,4,5,7,8
0,1,4,6,7
0,1,2,6,8,9
1,2,4,10,12
0,1,5,6,8,12
0,1,2,3,4,7,8,9
0,1,2,5,9
0,1,2,8,9
0,1,2,3,5,6,8
1,2,3,4,5,7,10,13
0,1,2,4,5,7,10,13
0,1,3,8
0,1,2,3,8,10
0,1,2,4,6,9
0,1,2,3,4,8,14
0,1,2,4,9,12
0,1,2
0,1,3,4,7,8,12
0,2,5,7,8
0,1,2,5,8
0,1,2,3,4,5,6,14
0,1,2,4,6,7,9,10,14
1,2,4,6
0,1,2,4,5,8,9
0,1,2,3,4,7,9,11,12
0,1,2,6
0,1,2,3,4,6,8,9,10,13
0,1,4,6,7,9
0,1,4,5,8
0,1,4,6
0,2,3,5,7,8
0,1,2,3,6,8,11
0,1,3,7,11
1,2,3,4,9,10
0,1,5,11,13
0,1,2,3,5,6,7,9,11
0,1,2,6,7,9,12
0,1,2,3,4,5
0,1,2,6,8
0,1,7
0,1,3,4,6,10
0,1,2,3,11,12
0,2,7,9,10
0,1,2,3,4,9,12
0,1,2,7,9
0,1,2,4,6,7
0,1,3,7,8
0,1,2,4,7,8,9
0,2,3,5,6,8,10,12
0,3,4,5,7
0,1,4
0,1,2,3,4,7,9
0,1,2,3,4,5,6,7,9
0,1,3,4,7,9,10,12
0,1,9
1,4,7,8,9
0,1,2,3,6,12
1,2,5,8,9
0,1,2,3,4,5,8,12
0,1,2,4
0,1,2,3,7,8
0,1,3,4,8
0,1,2,3,4,5,6,7,8,10
0,1,3,4,5,6,9
0,1,2
0,1,3,4,7,8
0,1,2,6,7,9
1,2,3,7,8,9
0,1,2,3,4
0,1
0,1,2,7
0,1,2,4,6,9
0,1,2,4
0,1,2,3,4,5,7,8,10,12
0,1,2,4,5,8
1,2,4,6,7
0,1,2,4,5,6,7,10
0,1,2,3,7,9
0,1,3,4,5,6,8
0,1,3,9
0,1,2,5,6,7,8,14
0,1,3,6,7,8,10,13
0,1,2,3,8
0,1,2,3,4,6
0,1,2,4,6,7
0,2,3,6
0,1,2,3,5,6,9,11
0,1,2,3,4,9
0,1,2,3,7,8
0,1,3,4,5
0,1,3,4,5,6,10
0,1,2,7
0,1,2,4,5,7,8
0,1,2,4,5,6,8,11
0,1,3,6,7,9,11
1,3,5,6,8,13
0,1,3,5,13
0,1,2,3,5,7,8,13
0,1,2,3,6,8,13
0,1,3,6,7,8,12
0,1,2,3,5,7,8
0,1,2,4,7,9,12
0,1,2,4,5,7,9
0,1,2,3,5,6,7,10
0,1,2,6
1,2,4,5,8
0,1,2,3,4,5,7,8
0,1,12,13
0,1,2,6,7
0,1,2,3,6,9
0,1,2,3,4,6,7
0,6,7,9
0,1,3,6,9,10
0,1,3,6,9,11
0,1,2,3,5,6
0,1,3,4,6,11
0,1,2,4,6,7
0,1,2,4,7,8
0,1,3,4,5
0,1,2,3,6,7
0,1,2,3,6,7,8,9
0,1,7
0,1,2,3,7,8
0,1,5,6,8,11,13
0,1,2,3,8
0,1,2,4,5,7,8,14
0,1,2,3,6,7
0,1,2,7,8,9
0,1,4,7,8,12
1,2,3,4,6,9
0,1,3,4,11
0,1,2,4,5,6,7,9
0,2,4,7,9
0,1,2,3,4,5,6,8,9
0,1,2,4,5,9
0,1,3,4,7
0,1,2,5,6,9,14
0,1,2,4,7,9
0,1,3,6,11
0,1,3,5,7,8,9,11
0,1,2,3,4,7,12
0,1,2,5,6,12
0,1,2,4,6,7
0,2,3,8,11
0,1,2,3,4
0,1,2,4,5,6,11
0,1,3,4,5,7,9
0,1
0,1,2,5,7,8,9
0,1,2,3,4,5,7,8,10
0,4,5,6,7,8
0,1,2,3,4,6,7,10
0,1,2,3,7,8,9,12
0,1,2,7,8
0,1,2,4,7
0,1,2,3,4,8
0,1,3,4,5
0,1,6,8
0,1,4
0,1,6,8,9
0,1,2,5,6,8,9
1,2,3,5,7,9
0,1,4,8,9
0,1,2,3,5,6,7,8
0,1,3,6,7,9
0,1,2,3,4,6,7,9
0,1,3,4,5,7,9
1,2,5,7,9
0,2,3,4,5,7
0,1,2,3,5,6,11,13
0,1,2,9,10,12
0,1,5,7,8
0,1,3,6,7,9,11,12
1,2,3,4,6,7,8,10
0,2,4,5,8
0,1,4,7,8
0,1,2,3,4,5,6,9,10,12
0,1,2,4,5,6,7,11
0,1,7,8,14
0,4,7,8
0,1,2,3,4,5,6,8,10
0,2,3,4,5,8,9,11
0,1,4,7,10,12
0,1,2,3,4,6,9,12
0,2,5,7,8,9
0,1,2,4,6
0,1,2,7
0,1,2,3,6,8
0,1,2,3,7,8
0,1,2,3,5,9,12
0,2,3,4,7,9
0,1,2,4,5,6
0,1,2,3,4,5,6,7
0,1,2,3,8,9
0,1,4,7
0,1,2
0,2,3
0,1,2,3,6,11
1,2,3,5,7,8,9
0,1,2,4,5,7,8
1,2,4,6,9,12
0,1,2,3,6
0,1,2,4,5
0,1,3,4,7,10
0,2,3,4,8,10,12
0,1,3,6,7,8
0,1,5,7
0,1,4
0,1,2,3,5,11,14
0,1,2,3,4,5,6,7,9,13
0,1,6,7,8
0,1,2,3,6
0,1,2,4,6,7
0,1,2,4,6,7
0,2,6
0,1,2,3,5,6,8,9
0,1,2,6
0,1,2,4,10,12
0,1,2,7
0,2,8,12
0,3,5,6,7,9
0,1,2,4,5,7,10
0,1,3,4,5,7
0,1,3,4,7,8,10,12
0,2,3,8,12
0,2,3,5,6,8,9
0,2,4,6
0,1,2,4,5,8,9
0,1,2,4,5,7,9
0,1,2,4,6,7
0,1
0,1,3,4,7,9,10,12,14
0,1,2,9,11
0,2,3,4,8,9
0,1,5,11
0,1,3,4,5,12
0,1,2,5,11,13
0,1,2,4,6,10
0,1,4,5
0,2,4,6
0,2,3,9
0,1,4,7
0,1,3,4,7,9
0,2,3,6,14
0,1,2,3,4,6,8
0,1
0,1,2,6,7
0,1,2,5,8,11
0,1,2,7
0,2,6,7,10
0,1,2,3,4,5,7,10,12
0,1,2,4,7,11,12
0,1,2,9,10
0,1,2,3,5
0,2,4,6,7,8
0,1,2,3,6,7,8,12
0,1,2,3,8
0,1,2,3,4,8,9
0,1,2,4
0,1,2,3,5,8,10
0,2,3,5,6,7,8,9,11
0,1,5,6,12
0,1,2,6,8
0,1,4
0,1,2,4,8,9
0,1,2,3,4,6,7
0,1,2,3,4
1,3,4,7,8
0,4,8,9
0,1,2,6,7
0,1,2,4,6,7
0,1,2,3,4,7,9
0,1,2,3,4,6,7,9
0,1,2,3,13
0,1,3,4,11,12
0,1,6,8,10,12
0,2,3,4,5,7,8,9
0,1,4,5,8,9
0,1,2,4,5,6,7,11,14
0,1,2,3,4,5,7,8,10
1,3,5,7,9
0,1,2,5,7,9
0,2,3,5,12
0,1,3,6
0,1,2,4,5,6,9
0,1,3,4,5,6,8,9
0,1,2,3,5,10,13
0,1,2,8
0,1,2,3,5,6,8
0,1,2,3,4,5
0,1,4,5,6,7,8,9,13
0,1,4,6,9
0,1,2,7
0,8,9,10
0,1,2,3,4,5,6,7,8,10
0,1,4
1,2,3,4,5,7,9
0,1,4,5,7,8,9
0,1,2,3,9,11
0,1,2,6,7
0,1,2,4,5,6,7,8,10
0,1,3,4,7,8
0,1,2,3,4,6,7,9,10
1,2,3,4,9
0,1,2,4,5,7,8,9
0,1,8,9,10
0,1,2,4,5,7,8,9
0,1,5
0,1,3,6
0,6,7
0,1,2,3,5,9
0,1,2,3,4,5,6,8,9,10
0,1,3,4,6,8
0,1,2,3,6,7,8,10
0,1,3,6,7,8,9
0,1,2,3,4,7,10,14
0,1,2,3,6,11
0,1,3,7
0,1,2,4,5,11,14
0,1,2,4,6,9
0,2,3,4,5,6,8,9,12
0,1,2,3,7,11,12
0,3,6,7,9,10,12,14
0,1,4,5,9,10
0,1,2,3,5,6,8,10
0,1,2,4,5,7,9
0,1,2,3
0,1,2,4,7
0,1,2,3,4,6,7,8,10,12
0,1,2,3,4,8,9,10,14
0,1,2,4,9
0,3,4,6,7,10,12,14
0,2,4,6,7
0,1,4,6
0,1,3,4,11
0,1,6,7,8
0,1,2,9
0,2,3,7,9
0,3,6,8,12,13
0,2,3,5,6,12,13
0,1,3,4,5,8,9
0,1,2,3,4,6,7,8,9
0,1,4,6
0,1,2,7,8,9
0,1,2,3,4,5,8
0,1,2,7,8,9
0,1,4,9,10,12
0,1,2,4,5,10
0,1,4,6,7
0,1,3,11,13
0,1,3,5
0,1,2,4,5,6,7,8
0,1,4,9
0,1,2,3,7
0,1,2,3,4,5,6,7,8,9
0,1,3,4,5,8
0,1,8
0,1,2,6,7
0,2,3,4,9
0,1,2,3,4,5,6,7,9,10
0,1,2,3,4,5,6,7,8
0,1,5,7,8
0,3,6,7,9
1,2,3,8,9
0,1,2,3,12,13
0,1,2,5,6,11,12
0,1,2,5,6,9,10
0,1,2,3,5,6,8,12
1,2,5
0,1,2,5,7,8
0,1,3,11,14
0,1,2,3,7,8
0,1,4,5,13
0,1,2,4,7,8,10,12
0,6,7,8,9,10,12
0,1,4,7,9
0,1,2,3,5,8,9
0,3,6,8,10
0,1,2,3,4,5,6
0,1,2,7,8
0,1,4
0,1,3,4,5,7,9
0,1,2,3,4,5,6,7,10,12
0,1,2,3,4,7,9
0,1,3,4,5,6
0,1,4,8
0,1,2,3,4,5,9
0,1,2,5
0,1,4,6,7,11,14
0,1,3,5,8,9,13
0,1,2,3,4,9,12
0,2,3,4,9
0,1,2,3,5,11,12,13
0,1,2,3,7,8,9,13
1,2,3,4,5,9
0,1,3,4,7,9
0,1,2,7,8,9
0,1,2,3,5,6,8,11,12
0,1,3,4,6,9,14
0,1,4,5,7,9
0,2,3,4,7,10,12
0,1,4
0,2,6,7,9
0,1,2,4,6,7,9,12
1,2,4,6,9,12
0,1,2,4,6,7
0,2,4,6,7
0,1,2,7
0,1,2,6,8
1,2,3,7,8,9,10
0,1,2,6,7,8,9
0,1,2,3,4,6,8,9,10
0,1,2,3,4,5,10,13
0,1,2,5,7,8,9
0,1,2,4,6,7,9,11
0,1,2,4,5,7,8
0,2,3,5,6,8,11
0,1,2,3,6,13
0,1,2,4,5,6,9,11
0,1,2,3,4,5,7
0,1,2,3,5,7,8,9,11,14
0,1,2,8,12
0,2,8,9
0,2,3,4,5,6,7
0,1,2,6,7
0,1,2,3,5,7,9,10
0,1,2,3,4,6,7,9
0,1,2,4,5,7,8
0,1,2,3,4
0,1,2,6,12,13
0,1,2,3,12
0,2,4,5,8
0,1,3,4,8
0,1,2,6,7
0,1,3,4,5,6,7,8
0,1,2,3,4,5,6,7,8,10
0,1,2,5,8,11,13
1,2,3,4,7
0,1,3,6
0,1,2,3,4,7,10,13
0,1,2,4
1,2,3,5,7,9
0,1,3,5,7,8
0,1,2,5,7
0,1,4
0,1,2,3,4,6,9
0,1,2,4,5,8,9
0,1,2,3,5,7,9
0,1,2,3,12
0,1,2,3,8,11,13
0,1,2,3,5
0,1,2,6,7,11,12
1,2,5,7,8,9
0,2,5,6,7,9,13
0,1,2,8
0,1,2,4,5,9
0,1,2,4,6,7,9,11,12
0,1,2,3,4,6,7
0,1,3
0,1,3,4,5,6,7
0,1,2,5,7,8,9
0,1,2,4,6
1,3,4,7,9
0,2,4,6
0,1,2,3,9
0,1,3,11,12
0,1,2,5,6,8,9
0,2,4,6
0,1,3,4,6,9,11,12
0,1,2,6,7,8
0,1,4,8,9
0,1,2,3,9,14
0,1,2,3,6,7,8
0,1,2,4,6
0,1,2,3,8,9
0,1,3,4,5,6,11
1,2,3,4,5
0,1,3,7,10,12
0,1,2,4,5,7
0,1,3,6,10,12
0,1,3,4,7,12
0,1,2,3
0,1,2,3,4,6,7,9
0,2
0,1,3,7
0,2,3,6,11
0,1,2,3,4,6,8
0,1,2,3,7,8,9,14
0,1,2,3,4,5,9
0,1,5,7,9,11
0,1,2,3,4,5,7,9
0,1,2,6,12
0,1,2,3,5,6,8,12
0,1,2,3,7,9,11
0,4,6,7,9
0,1,2,3,9,11,12
1,3,4,7,8,9,14
0,1,2,6,7
0,4,8
0,1,2,3,9
0,1,4,7,8
0,1,2,3,5,9
0,1,2,3,6,7,10,12
0,1,2,3,4,7,9
0,1,2,3,4,5,14
0,4,6,7
0,1,4,6,7
0,1,3,4,9,12
0,1,2,3,7,8,12
0,1,2
0,1,2,3,6,7,8,10
0,1,2,4,7,8,9
0,1,2,4,6
0,1,4
0,2,3,4,5,8,9,10,12
0,1,5,8
0,1,2,3,4,5,6,8
0,1,2,4,7
0,1,4,5,7
0,1,2,3,5,7,9
0,1,2,4,9
0,1,2,3,5,7
0,1,2,3,5,6,7,10,12
0,1,2,3,4,8
0,1,2,3,6,8
0,1,2,3,6,7
0,1,2,3,6,8,11
0,1,2,3,6,8,9,11
0,1,2,5,6
0,1,2,4,5,7,8
0,1,2,3,4,7,8,9,11
0,1,2,7,10,14
0,1,4,9
0,1,4,7,8
0,1,2,4
0,1,9,11
1,2,5,11
0,1,2,5,6,9
0,2,3,4,6,7,8
0,3,4,7,10
0,6,8
0,1,2,4,6,7
0,1,2,3,6,7
0,1,2,7,8
0,1,2,3,4,7,9
0,1,5
4,9,10
0,1,2,4,5,6,7,8
0,1,2,3,4,5,7,9,10
0,1,4,6
0,1,2,4,7
0,1,2,3,5,8,11,12,13
0,1,2,3,4,5,6,7,8
0,1,4,6,7
0,2,3,4,5,6,7,13
0,1,4,5,7,8
0,1,2,5,7
0,1,2,6
0,1,3,4,6,11
0,1,2,3,4,5,9
0,1,2,4,6,7
0,1,2,6
0,1,2,3,4,6,8,9
3,4,6,8,9,14
0,1,3,4,6,7,8
0,1,2,4,5
0,1,2,3,4,6,8,10,12
0,1,2,4,5,7,8,9
0,1,2,4,8
0,1,2,3,4,8
0,2,6,7,8,9
0,1,2,3,4,7
0,1,2,5,11
0,1,3,4,5,6,7,8,9,10
0,1,2,4,8,9
1,2,4,7,8
0,1
0,1,2,9,11
0,3,4,8
0,1,2,3,5,6,9,10
0,2,5,6,8,11,12,13
0,1,2
0,1,2,3,4,6,8,9,12,14
0,1,2,3
0,1,2,3,5,6,7,8
0,1,2,4,5,9
0,1,2,4,6,7,8
0,1,2,3,4,6,7,8,9
1,2,3,4,8
0,1,2,3,7,8,10,12
0,2,3,9
0,3,6,7
0,1,2,4,6,7,12
0,1,2,3,5,9,13
0,1,2,5,7,8
0,1,2,3,4,7,8
0,1,2,4,5,9
0,1,3,4,5,9,10
0,1,2,6,7,9,12
0,1,6,7,8,9
0,1,3,4,6,7,9
0,1,2,3,8,10,12
0,1,2,3,6,7
0,2,4,7
0,1,4,7,11,12
0,1,2,4,5,6,12
1,2,4,6,7,8,9
0,1,3,7
0,1,2,12,13
0,1,3,5,8,9
0,1,2,5,7,8
0,1,2,3,4,8
1,6,7
0,1,8
0,1,2,3,4,8,9
0,1,4,5,6,7,9,10
0,1,2,3,4,6,7,11
0,1,2,3,5,13
0,1,2,3,5,8,11,13
0,1,2,3,5,6,9,10,13
0,1,3,4,7
0,1,2,4,7
0,3,4,6,7,8
0,1,4,5,8
0,1,2,3,4,8,9,11
0,1,4
0,1,2,4,7,9
0,1,2,3,4,6,7,9,11
0,1,2,3,4,5,6,8,9
0,1,2,4
0,1,5,6
0,1,2,4,6,7,10
0,1,2,5,7,8
0,1,4,7
0,1,2,3,4,5,7,9,13
1,2,3,4
0,1,2,4,5,6,10
0,1,3,4,7
0,1,2,4,6
0,1,2,4,5,7,9,10
0,1,2,3,5,6
0,1,2,3,4,6,7,8
0,1,2,3,6,7,8,9
0,1,2,3,4,6,12
0,1,2,6,11
0,1,2,3,4,6,9,11,12
0,1,3,4,14
0,1,3,4,6,7
0,1,2,7,8
0,2,3,5,6,7,9,10
0,1,2,7,9
0,1,2,3,6,10,12
0,1,7
0,1,2,3,4,5,7,9,13
0,2,11,12,13
0,1,2,4,7,9
0,1,3,4,5,9,11
0,1,2,4,5
0,1,3,4,8,9,10,12
0,1,3,5,6,7
0,1,2,3,7,9
0,1,2,4,7,9,11,12
0,1,2,4,12
0,4,6,7,9,11,12
0,1,2,3,4,6,7,8,9
0,1,4,6,11
0,1,2,3,6,11
0,1,2,3,4,9,12
0,1,2,3,4,5,8,9
0,1,2,4,7,8,9
0,1,2,8,9,10
0,1,3,4,5,8
0,1,2,3,5,11
0,2,3,4,8,9,10,13
0,1,11
0,1,2,3,4,5,6,8
0,1,3,6,9,11
0,1,5,6,7,8
0,1,3,7,8
0,1,7
0,1,4,7
0,1,2,4,5,7,9
0,1,2,6
0,1,3,5,6,8,9
0,1,2,5,6,7
0,1,2,4,5,7,8,9
0,1,2,3,5,6,8,9,13
1,2,4,6,8,12
0,1,2,5,7,9
0,1,2,4,7,8,9,12
0,1,2,8,9
0,1,2
0,1,3,4,9,11
0,1,4,8,9
0,2,6
0,1,5
0,1,2,3
0,1,4,9
0,2,3,4,6,7,8,9,12
0,1,2,3,4
0,1,2,3,8
0,1,2,3,4
0,1,2,3,4,5,8
0,1,3,5,8,9
0,1,2,3,5,6,7,8,9,10
0,2,3,6
0,1,2,3,5,8
0,1,2,3,6,8,10,12
0,1,2,4,5,7,11
0,1,3,4,5,8,9
0,1,4,5,8
0,1,7,12
0,1,2,4,6,9
0,1,2,3,4,8,9,11
0,2,4,5,6,7,11,14
0,1,5,8
0,1,2,3,5,6,8,9,13
0,1,6,7
0,1,2,3,4,6,9
0,1,2,3,5,7
0,1,2,3,4,6,8
0,2,3,11
0,1,2,3,6,8,9
0,1,2,6,7,9,12
0,1,2,3,4,5,7,10,12
0,1,2,4,6,7,9
0,1,2,5,8
0,1,2,3,5,11
0,1,3,4,5,8,9
0,1,4,6,7,11,12
0,1,2,3,8,12
0,1,3,6,11
0,1,2,9,12
0,1,4,7,11,12
0,3,5,9
0,1,3,5,6,7,9,14
0,1,2,6,7
0,1,2,4,5,7,8,9
0,1,2,3,4,5,6,10,13
0,1,2,3,5,8
0,2,3,4,5,9
0,2,3,4,7,9,11,14
0,1,2,5,6,13
0,2,3,4,5,7
0,2,3,4,6,11
0,1,3,4,5,7,8,9
0,5,7,8
0,1,7,9
0,1,2,3,4,6,9,11
0,1,2,3,7,9
0,4,5
0,1,2,7
0,1,3,5,10
0,1,2,3
0,1,2,3,5,6,7,8,9,14
0,1,2,3,5,8,11
0,1,2,3,7,8,9
0,1,2,6,8
0,2,3,4,5,7,9
1,2,3,4,8
0,1,2,4
0,1,4,6,7
0,2,4,6,7,8,9,10
0,1,2,3
0,1,4,5,8
0,1,2,4,6,7
0,2,5,7,8,9
0,1,2,7
0,1,2,4,6,8,12
0,1,2,5,6,8,11,12,13
1,5,7,8,10
0,1,2,4,6
0,1,2,3,6,8
1,2,4,7,9,12
0,1,2,4,5,6,8,10,13
0,1,3,5,6,7,13
0,1,2,4,6,9
0,1,2,3,5,6
0,1,2
0,1,2,4,7,9
0,1,3,5,6,8
0,1,2,7
0,1,2,3,4,11
0,1,2,4,6
0,1,2,3,5,6,7,8,9
0,2,5,6,7,8,10,12
0,1,2,3,5,8,11
0,1,2,3,4,6,9
0,1,2,4,6,7,10,12,14
0,1,2,6,7,14
0,1,3,4,6,7,8,10
0,1,3,5,6,7,8,9
0,1,7,8,9,13
0,1,4,6,14
0,1,2,3,8,9
0,1,2,3,4,6
0,1,2,6,7
0,1,2,3,4,5,6,7,8
0,1,2,7,9
0,3,4,11
0,1,2,4,8
0,1,4,6,8,9
1,3,4,5,8,13
0,2,3,7,9,10,12
1,2,4,6,9,10
0,1,4,6,7,8,10,12
0,1,2,3,4,6,8
0,1,2,3,4,5,6,7,8,10
0,1,2,3,5,7,8,9
0,2,4,6,7,8,9
0,1,2,3,6,11,12
0,1,3,5,6,8,10
0,2,3,9
0,1,2,4,5,7,9
0,2,5,8,9
0,2,8,9
0,1,2,3,5,9
0,1,4,5,8,9
0,1,2,4,6,9,12
0,1,2,3,6,8,9
0,1,3,6,7,8,9
0,1,2,6,7
0,1,3,4,6,7,12
0,1,3,5,6,7,10
0,1,9
1,3,7
0,1,3,4,6,7,9,12
0,1,2,3,5,7,8
0,1,2,5,6,7,8,9,10,13
0,1,3,5,10,12
0,1,2,4
0,1,2,3,4,6,7,8,9,12,14
0,2,5,7,8
0,2,3,4,8
0,1,2,3,5,6,7,8,9,10
0,1,3,4,5,6,7,8,11
0,1,2,4,6,9
0,1,2,6
0,1,2,3,4,9,10,14
0,2,7,8
0,1,2,4,6,7,9
0,1,2,4
0,1,2,4,5,7,9
0,1,2,4,7,9
0,2,5,7,8
0,1,2,3,4,5,6,12
0,1,2,3,6,9,12
0,4,7,8,9,12,14
0,2,5,6,8,12
0,1,2,4,10,12
0,1,2,3,6,7,9,11,12
0,1,2,3,7,8,9,10
0,1,2,4,5,7,9
0,1,2,4,9,14
0,1,2,3,6,7,11,12
0,2
0,1,4,8,9
0,1,2,3,8,12,13
0,1,2,3,4,5,7,8
0,1,5,6,8,9
0,1,2,5,6,12
0,1,2,6,11,12
1,2,4,6,7,9
0,1,2,5,6,7,8,10,12
0,1,2,4
0,1,2,6,8,9
0,1,4,7
0,1,2,7
0,1,2,3,5,6,7,8,9
0,1,3,4,6,7,8,10
0,2,4,7,10,12
2,3,4,7,9
0,1,2,4,5
0,1,3,4,5,7,8
0,1,3,4,8,9,10
0,1,4,6,7
0,1,4,6,7
0,1,3,4,9
0,1,2,3,6,7,9
0,1,2,3,7,11
0,1,6,7,14
1,2,4,5,7,8,9
0,1,2,3,4,5,11
0,1,2,4,7
0,1,2,5,7
0,2,4,5,7,9
0,1,3,6,7,8
0,1,2,4,7,8
0,1,5,6
0,1,3,6,9
0,4,6,7
0,1,3,6,8,11
0,1,5,7,9
0,1,3,6,8,10
0,1,2,4,5,6,7,8,10
0,2,5,9,10
0,1,3,4,7,8,9,10,12
0,1,2,3,4,6,7
0,1,2,7,8
0,1,2,3,7,8,9
0,1,2,3,5,6,13
0,2,4,9,10,12
0,1,2,3,4,7,9,10,14
0,1,3,4,8,10,13
0,1,2,3,7,8
0,1,8,11
0,1,2,3,4,6,7,9
0,1,2,4,7
1,2,3,5,6,11
0,7,8
0,1,2,5,9,11,14
0,1,2,3,4,7,9
0,1,2,3,7,8,9,14
0,1,2,3,5,6
1,3,6,7,12
0,1,4,6,7,8,12
0,1,2,3,4,6,7,8,9,10,12
0,2,3,6,12
0,1,5,7,9
0,1,10,14
0,1,2
0,2,3,6,8
0,1,2,3,5,8,9
0,1,2,4,5,6,8,9,11,14
0,1,2,4,7,8
0,1,2,3,5,6,8,12,13
0,1,2,3,4,5,8,9
0,1,2,3,4,5,7,8,9
0,1,2,4,7
0,2,3,11
0,1,5
0,1,3,6,13
0,1,4,6,7,8,9,10
0,1,2,3,5,7,8,9,12
0,1,2,6,7,14
0,1,2,3,5,13
0,2,8
0,1,2,3,5,6,8,11,13
0,1,2,3,5,6,8,11
0,1,2,3,11,13
0,1,2,3,6,8,12,13
0,1,2,4,6,7,9
0,1,2,3,4,5,6,7,8,9,10,12
0,1,2,4,5,6,14
0,1,2,3,4,9,10
0,1,2,3,7,8
0,1,2,3,4,7,10,12,14
0,1,3,5,6
0,1,2,4,7
0,1,2,3,6,7,9
0,1,3,8
0,1,3,4,6,7,8,9,13
0,1,2,3,4,5,8,10
0,1,3,4,7,9,10
0,1,3,8,9,10
0,1,2,4
0,1,4,7
0,1,3,4,6,7,9
0,1,2,5,6,11,13
3,5,8,9
0,1,2,3,8,9
0,1,2,4,5,8,11,14
0,1,2,6
1,2,3,4,10,12,14
2,4,5,7,9
0,1,6,7
0,1,2,11
0,1,3,6,12
0,1,2,5,11,12,13
0,1,2,4,5,7,9
0,1,2,3,6,7,9,11
0,1,3,5,8,9,12
0,1,2,4,9
0,1,2,5,6,8,13
0,1,5,6,8
0,1,2,3,4,7,8,9
0,1,2,3,4,5,9
0,1,3,4,9,11,12
0,1,3,5,6,7,8
0,1,2,5,6
0,1,2,4,7,9,10
0,1,2,3,4,6
0,1,2,4,5,9
0,3,6,7,9
0,2,4,6,7
0,1,2,5,7,8,9,10
0,1,2,3,5,8,13
0,1,2,3,4
0,1,2,4,5,6,8,9,10
0,1,2,6,9
0,1,2,6,7,8,10
0,1,4,8
0,1,2,3,4,7,12
0,1,2,3,4,6,12
0,1,4,6,10
0,1,2,3
0,1,2,3,4,6,9,10
0,1,2,3,4,7,9,11,12
0,1,2,4,8,9
0,1,2,4,7
0,1,3,5,8,13
0,1,4,5,6,8,14
0,1,2,3,4,8,12
0,1,2,6,9
0,1,4,7,8,9,14
0,2,5,6
0,1,2,6,13
1,2,3,6,12
1,2,6,8
0,1,2,4,6,7
0,1,2,5,8
0,1,2,5,6,7,8,9
0,1,2,5,7,8,9
0,1,2,4,5,6
0,1,2,8
0,1,2,4,7,8,9
0,1,2,4,9,12
0,1,2,3,7,9,10,14
0,1,4,8,12
0,1,7,9
0,1,2,4,7,9
1,2,4,6,7,9
0,1,2,4,7,11
0,1,2,3,6,10,13
0,1,2,3,4,6,11
0,1,2,7,9
0,1,4,6
0,1,2,7
0,1,2,5,6,11,12
0,1,2,6
0,1,2,3,4,5,6,7,9
0,1,7
0,1,2,3,4,7,10,12
0,1,2,4,5,7,8,9
0,1,2,3,7
0,1,2,4,6,7,8,9
0,1,3,5,6,7,8,9,10,12
0,1,2,6,7
0,2,4,5,7,9
1,2,4,9
0,6,7,12,14
0,1,2,3,6,7,10
0,1,2,6,7,9
0,1,2,3,4,5,6,7,8,10
0,1,2,3,5,6,7,9,12
0,1,2,6
0,2,3,7,8,9
0,1,2,4,5,7,8
0,1,2,3,5,6,8
0,1,2,3,5,8,11
0,1,3,4,6,11,14
0,1,7
0,1,2,4,5,9,10
0,1,2,3,5,9
1,2,3,4,6,8,9
0,1,2,3,5,8
0,1,2,4,5,7,9
0,1,2,4,6,7,9,12
1,2,3,4,6,11
0,1,2,3,4
0,1,4,5,7,8
0,1,2,4,5,7,8,9
0,1,2,4,5,6,7
0,1,2,5,6,8,11
2,5,6,7,8,10,12
0,1,3,6
0,1,2,3,4,7
0,1,2,3,4,5,8
0,1,2,5,7,8
0,1,4,6,7
0,1,3,7
0,3,7,8
0,1,2,5,8,9
0,1,2,7,10
0,1,2,3,4,6
0,1,2,5,11,13
0,1,2,3,5
0,1,5,6,8
0,1,2,6
1,2,4,5,7
0,1
1,2,3,7,9
0,1,2,7
0,2,3,9,10
0,1,2,5,6,7
0,1,3,4,5,6,7,10,12
1,4,7
0,1,5,8
0,1,2,6,8,11
0,1,2,4,7,8
0,1,2,4,6,7
0,1,2,9,10,12
0,1,2,4,8
0,1,3,11
0,1,2,6
0,2,4,6,7,8
0,1,2,4,5,6,9,10
0,1,2,7,9
0,1,2,4,6,7,9
0,1,3,6,8,9
0,1,2,3,7,9
0,1,2,3,4,8,10
0,1,2,5,7,9
0,1,2,3,4,6,9
0,2,7,9
0,1,2,7
0,2,3,5,6,8
0,2,3,4,5,7,8
0,1,6,12,13
0,1,2,3,7
0,2,4,8,9
0,1,3,6,12
0,1,2,6,7
0,1,2,3,4,6,7,8,9,14
0,1,4,6,7,11
0,2,4
0,1,2,3,4,6
0,1,2,3,6
0,1,2,5,7
0,1,2,4,7,14
0,1,2,3,5,6,8,12
0,1,2,3,4,6
0,1,2,3,6,9,10
0,1,2,7,8
0,3
0,4,5,6,7,8,9,13
0,1,2,3,4,7,8
0,1,2,5,12
0,1,2,3,12,13
0,1,2,3,6,7,11
0,1,2,3,6,8
0,1,4,7
1,2,3,5,9
0,1,4,6,7,9
0,1,4,6,7
1,2,3,4,6,7,8
0,3,6,8,9,10,12
0,1,2,3,4,5,6,8,9,13
0,1,2,3,4,5,7
0,1,2,3,4,5,7,8
0,1,2,5,8,11,12,13
0,1,2,4,6
0,1,2,4,7
0,1,2,3,4,6,7,8
0,1,2,4,12
0,1,2,3,5,6,11
1,2,4,8,9,12
0,1,2,3,5,7,11
0,2
0,1,2,4,5,7
0,1,2,3,4,7,8,9,14
0,1,2,3,4,7,8,9
0,1,2
0,2,3,7,9,12
0,2,7,10
1,4,8
1,3,4,8,9,11
0,2,3,5,8,9,10,13
0,1,2,3,4,6,7
0,1,2,3,5
0,2,4,7,9,10,14
0,1,2,7
0,1,2,4,5,6,9,10,12
0,1,2,3,4,8,9
0,1,2,7
0,1,2,4,6,7,9
0,1,2,3,4,6,11
0,1,2,3,4,7,8,9
0,1,2,3,5,8,9,11
0,1,3,4,6,8,10,14
0,2,7,9
0,1,2,3,5,6,7,8,9,14
0,1,2,3,6,12
0,1,2,3,5,6,8,10
0,1,2,3,4,7,9
0,1,2,3,4,5,7,8,9,11
0,1,2,7,9
0,1,2,4,7,8,9,12
0,2,5,8
0,1,2,4,5,6,7,9
0,1,2,6
0,1,4,7,8,9
0,1,4,6,7
0,1,2,4,6,8
0,4,7
0,1,3,4,7,9,12
0,1,4,8,9
0,1,2,3,4,6,7,9,10
0,1,2,3,5,7
0,1,2,3,4,6,7,14
0,2,4,5,7,8,9,10,12
0,1,2,3,4,5,6,7,9,10,12
0,1,2,4,7
0,1,2,7,11
0,1,2,3,4,7,8
1,2,3,6,7,9
0,1,2,3,4,5,6,7
0,1,5,6,11,14
0,1,2,3,7
0,1,2,3,4,5,8,13
0,1,2,3,4,7,12
0,1,2,3,5,6,8,11
0,1,2,4,7
0,1,2,3,4,6,9,11
0,1,3,4,5,7,8
0,1
0,1,2
0,1,4,5,6,8,11
0,1,2,3,4,6,8
0,1,2,3,4,9
1,2,3,4,6,8,9
0,1,2,4,5,8
0,2,3,4,6,7
0,1,2
0,1,2,4,7,10
0,1,3,4,5,6
0,1,2,3,4,5,9
0,1,8,9
0,3,7,8,9
0,1,4,6
0,1,3,4,7,10
0,1,2,3,4,6,7,8,9,10,12
0,1,2,6,8,11
0,1,2,4,6,7
0,1,2,4,5,7,8
0,1,2,4,6,7,8
0,1,2,3,4,6
0,1,3,4,6,7,9,11
0,1,2,5,7
0,1,8,9
2,3,6,7,8,9,12
0,1,3,8,9
0,1,4,6
0,1,2,3,7,10,12,14
0,1,3,4,5,7,9,11
0,1,2,4,5,7,8,9
1,2,7
0,1,2,3,4,7
0,1,2,3,5,6,8,11
0,1,2,4,5,8,9
0,1,2,3,4,5,6,7,9,11
0,1,3,4,6,7,8,9
0,1,2,4,6,12
0,2,3,4,6,8,9,10
0,1,3,4,7,8,10
0,1,5,9
0,1,3,6,12
0,1,2,7
0,1,2,5,6,8
0,1,2,4,8,9,10
0,1,2,5,7
0,1,3,4,5,6,9,11
0,1,2,6,11,13
0,1,3,4,7,9
0,12
0,1,3,5,8,10,12
0,1,2,3,7,9
0,1,2,4,5,6,9
1,2,8
0,1,2,3,4,6,9,11,12
0,1,5,6,8,12
0,1,2,3,4,6,7
1,2,6,7,8,9
0,4,7,9
0,1,3,7
0,1,5,7,9
0,1,4,5,7,8
0,1,2,3,7,11
0,1,2,6,7
0,2,3,4,6,7,9
0,3,6,12
0,1,2,4,6
0,1,4,6,7,9,11
0,1,3,4,5,6,7,8,9,12
0,1,4,7,8,9
0,1,2,7
0,1,2,7
1,2,3,4,5,6,10,12
0,1,4
0,1,4,5,7,8
1,3,4,7,9,10,12
0,1,2,3,4
1,2,6,7
0,1,2,3,6,9,11
0,1,2,6,7
0,1,3,6
0,1,2,3,4,8,10
0,2,3,4,5,6,7,11,14
0,1,2,8
0,2,3,4,7,9
0,1,4,5,7,8,9,12
0,1,4,5,7,8
0,2,3,4,6,7,12
0,1,2
0,1,3,7,12
0,1,2,7,14
0,1,2,5,6
0,1,2,3,6,9
0,2,3,13
0,1,3,6,7,8
0,1,2,6,7,9
0,1,4,7,10
0,1,2,4,6,7
0,1,2,3,6,8
0,1,2,3,4
0,1,2,4,5,6,8,11
1,2,4,6,7
0,1,2,3,7
0,1,3,4,5,7,9
0,6
0,1,2,3,4,5,9,10
0,3,6,8
0,1,3,4,9,12
0,1,2,3,4,11
0,1,2,3,7,8,9
0,1,2,4,8,9
0,1,2,3,6,9,10
0,1,2,5,7,8
0,1,2,7,8
0,1,2,7,9
0,1,6,7
0,1,3,8,12
0,1,2,6,7
0,1,2,6,7,8,12,14
0,1,2,3,4,7,8,9
0,1,13
0,1,3,8,9,11
0,1,2,3,5,6,8,12
0,2,4,5,7,9
0,1,2,4,5,6,8,10,13
0,3,4,6,9,10,12,14
0,1,3,4,5,9
0,1,5,6,8,10
0,1,2,4,6,7,12
0,1,2,3,4,5,6,11
0,1,2,4,6,7,11,14
1,3,4,5,6,7,8,13
0,1,2,4,9
0,1,3,4,6,7,8,9
0,1,6,7
0,2,4,5,8,9
0,1,5,6,9,10
0,1,2,3,8,12,13
0,1,2,5,7
0,1,2,4,5,7,9
0,1,2,3,4,5,7,8,10
0,1,4,9,13
0,1,6,9
0,1,4
0,1,3,5,6,11,12
0,2,3,5,7,9,13
1,2,6
0,1,2,8
0,1,2,4,8,14
0,2,4,5,7,8
0,1,2,3,7,8
0,1,2,3,6,8,9
1,2,3,7
0,1,3,6,8
0,1,2,8,10
0,1,2,3,6,8,10,13
0,1,2,3
0,1,2,7,8
0,1,6,11
0,2,4,7,8,9
0,1,2,4,7,8,9
0,2,6,7,9,12
0,1,3,4,9
0,1,2,4,7
0,2,3,7,8
0,1,4,5,7
0,1,2,7,8
0,1,4,5,6,7,14
0,1,2,7,9
0,1,2,3,4,8,9
0,1,2,5,8,9
0,1,8
0,4,5,8,9
0,1,2,3,7,8,10
0,1,4,7
0,1,4,9
0,1,5,7,8
2,4,6,7
0,1,2
0,1,2,4,6,7
0,1,5,12
0,1,3,4,6,9,13
0,1,2,4,6,12
0,1,3,6,7,9
0,1,6,8,13
0,1,2,3,6,7,9,11,12
0,1,2,3,6,8,14
0,1,2,7,9,11,12
0,1,2,7
0,2,6,9,11,12
0,1,4,6,10,12
0,1,4,6,9
0,3,4,7,9
0,1,2,5,8
0,1,2,4,8,10
0,1,3,4,6,9,11
0,1,4,6
0,1,2,3,6,7,8,9
0,1,2,3,4,5,7,8,13
0,1,2,5,6,8,9,14
0,1,2,6,10,12
0,1,3,4,5,6,7,8
0,1,2,6,7,9,11
1,2,4,7,8,9,11,14
0,1,2,3,5,8
0,1,2,3,6,12
0,1,2,5,7,9
0,1,3,5,6,8,9,10
0,1,2,4,5,7,9,12
0,1,4,5,7,9
0,1,2,4,5,7,9
0,1,2,3,4,5
1,2,6,8,9,10,14
0,1,3
1,2,3,6,8,9,12,14
0,1,3,7
0,1,4,6,7
1,2,3,5,6,12
0,1,2,3,6,8,9
0,1,2,3,11
0,1,2,3,8,9,10
0,1,4,8
0,1,2,3,5,7,9
0,1,7,9
0,2,3,5,6,7,9,10
0,1,2,3,4,5,8,9
1,4
0,1,2,4,5,8,9
0,1,2,5,6,7,9,10
0,1,2,3,4,6,7,11,12
1,4,6,8
0,1,3,4,6,8,9
0,1,2
0,1,2,3,4,5,9
0,1,3,9
0,1,2,6,8,9
1,2,5,8,11
0,1,2,3,4,6,7,8,9,14
0,1,6,7
0,1,2,3,4,6,11,12
0,1,7
0,2,6
0,1,2,3,4,6,9
0,1,3,6,8,12
0,1,4,6,8,9
0,2,3,4,7
0,1,2,3,5,6,13
0,1,2,3,7,12
0,1,2,5,8,11
0,1,7
0,1,2,6,7,9
0,1,3,5,6,9
0,1,3,4,6
0,1,3,4,5,8,9
0,1,2,4,5,6
0,3,4,6,7
0,1,2,3,6,7,11
0,1,2,7
1,2,3,4,6,8,12
0,1,2,7,8,9,12
0,4,6
0,1,2,3,5,11
0,3,7,9
0,1,2,3,7,9
0,1,2,9
0,1,2,5,6,13
0,1,2,5,6
0,1,2,3,6,11
0,1,2,7,9
0,2,4,9
0,1,4,6,9,11
0,1,3,7,8,9
0,1,3,6,7,9,11,12
0,2,3,4,6,7,9,11
0,3,4,6,7,9,13
0,1,2,3,4,6,7,8,9,14
0,1,2,3,4,6,7,8,9
0,2,3,4,5,9
0,2,3,4,9,12
0,1,2,4,5,7,8
0,1,2,4,6,7
0,1,2,3,5,6,11
0,1,2,3,6,8,11,12
0,1,5,7,9
0,1,4,5,8,9
0,1,2,3,4,6,9
0,1,2,3,5,7,9
0,1,4
0,1,2,4,6,7,10,14
0,1,2,4
0,1,2,5,7,8,12
0,1,3,5,6,8,10
0,1,2,4
0,1,2,6,8,9,12
0,1,2,6,7
0,1,2,3,8,9
1,2,4,7
0,3,4,5,8,10
0,1,4,7
0,1,6
0,1,2,3,4,8,12
0,1,2,3,6,8
0,1,2,4,7
0,3,4,7,12
0,1,2,6,7,8,10,12,14
0,1,2,3,5,6,8,12,13
0,1,2,3,6
0,1,2,5,7
0,1,2,5,6,8
0,1,2,3,4,9,10
0,1,2,4,5,7,8,9
0,1,2,3,7,9
0,1,2,3,5,7
0,1,2,3,5,6,8,11
1,2
0,1,3,4,7,9
0,1,2,3,4,6,7
0,1,2,4,7,9,11
0,1,2,4,5,8
0,1,3,8,12
0,1,2,3,4,5,6,8,9,10
0,1,2,5,6,8,10
0,1,2,3,4,6,8,9,14
0,1,2,3,4,10
0,1,2,5,6,7,8,9,10
0,1,2,4,5,7,8,9
0,1,2,3,4,6,7,9
0,1,2,3,5,6,7,8,11
0,1,4,5,9
0,1,2,4,8,9
0,1,2,4,7,8,10
1,2,5,11
0,1,2,8,11,12
0,1,2,6,7,9,14
0,1,2,4,5,7,8,12
0,2,3,5,7,11
0,1,4,7,8
0,3,6,9,10
1,4,7
0,2,3,4
0,1,6,8
1,2,4,6,8,9,10
0,1,3,4,6,7,8,9,11,14
1,2,3,5,7,8,14
0,1,2,3,7,9,10,12
0,2,5,6,8,12
0,1,5,8
0,1,2,3,6,8,11
0,1,5,7,9
0,1,2,4,7,8
0,2,11
0,1,4,6,7,8,9,12
0,1,2,6,7
0,1,4,8
0,1,2,8
0,1,4,9,12
0,1,2,3,4,6,8,10,12,14
0,1,2,3,4,5,8
0,1,2,3,8
0,1,2,9
0,2,3,6,7,9
0,1,2,8,9
0,1,2,4,5,6
1,2,3,8,13
0,1,2,5,8,9
0,1,2,4,7,9,14
0,1,2,5,8,9
0,1,2,3,4,12
0,1,2,3,7,8
0
0,1,3,10
0,1,2,3,4,6,8,11,14
0,1,2,3,4,8,9
0,2,4,7
0,1,2,3,6,8
1,2,3,7,8
0,1,2,3
0,1,8,10
0,1,2,3,4,6,8
0,1,2,3,8,9,10
0,1,2,7,8
0,1,2,4,7
0,1,2,4,6,7,9,12
0,1,2,3,4,5,7
0,1,2,3,4,6,12
1,2,4,7,8,9
0,1,3,4,6,7,9,13
0,2,3,4,7
0,1,5,8
0,2,4,6,7,9
0,1,2,4,5,8,9
0,1,2,3,9
0,1,2,4,7,8,9
0,1,2,3
0,4,6,8
0,1,2,3,8,12
0,1,6,8,9,12
0,1,2,3,9
0,1,2,3,4,6,8,9,11,14
0,1,2,4,5,6,7,9,14
0,1,3,4,6,7,8
0,1,2,3,6,11,13
0,1,2,3,4,10
0,1,2,3,7,8
0,1,2,4,8,9
0,1,2,3,4,6,11,12
1,2,3,7,9
0,2,4
0,1,2,3,7
0,1,4
0,5,6,11,12,13
0,1,2,3,4,6,7,8
0,1,2,4,6,7,8
0,3,5,8,11
0,1,4,7,8
0,2,8
1,2,4,7,8,9,10
0,1,3,4,5,9
0,1,3,4,6,7,8,10,12,14
0,1,2,3,5,7,8
0,1,4,6,7
0,1,2,4,9
0,2,5,6,7,9,10
0,1,2,5,8
0,1,2,3,5,8,11
0,1,2,3,4,6,8
0,1,3,6,9
0,1,2,4,6
0,1,2,3,4,5,6,7,8
0,1,2,8
0,1,6,7
0,1,4,5,7,8
1,4,8,9
0,1,2,3,8
0,1,2,4,5,7
0,1,2,3,4,6,7
0,1,2,3,5,7
0,1,2,4
0,1,2,4,5,8
0,1,2,4,8,12,14
0,1,2,3,4,7,8,10
0,1,3,6,8
0,1,3,6,12
0,1,4,5,6,7,9,11,14
0,1,2,3,8
0,1,3
0,1,2,4,7
0,1,3,4,10,13
0,1,2,3,5,6,8,11,12
0,1,2,6,9
0,1,2,5,8
0,1,2,3,6,7,11
0,1,2,6
0,1,2,3,7,8
0,1,2,3,4,7,8
0,1,3,4,6,11
0,1,5,8
0,1,2,3,5,6,9,10
0,1,2,3,5,7,10
0,1,2,3,5,6,7,8,9,11
0,1,2,4
0,1,2,3,4,6,8
0,1,2,3,4,5,8,9
1,5,6,7,8,9
0,1,2,4,8,9
0,1,2
0,1,2,3,7,8,10
0,1,2,3,7,8,9,12
0,1,2,3,4,5,7,8
0,1,4,6,7
0,1,2,4,7,9
0,1,2,4,7,8,9
0,1,2,3,7
0,1,2,3,4,5,8
0,1,2,3,5,7,9
1,2,4,7
0,1,2,3,4,9,10
3,7,9,11,12
0,1,4,6,8,10,12,14
0,1,2,4,7,8,9,14
0,1,2,3,4,7,12
0,1,2,3
0,1,2,5,9
0,1,2,3,6,7,8
0,1,2,3,4,7,9
0,1,3,6,7,9
0,1,3,4,8,11,14
0,2,6,10
0,1,3,6,7,8,10,12,14
0,1,2,5
0,1,4,5,7,8
0,2,3,4,6
0,1,3,6,10
0,1,2,3,12,14
0,1,2,3,4,6,11,14
0,1,2,3,4,5,6,8
0,1,2,5,13
0,1,5,8,9
0,1,2,3,6,7,8,9
0,1,2,3,5,6,7,10
1,3,4,7,10,12
0,1,2,4,6,7,9,11
0,1,2,3,4,9
0,1,2,3,6,11
0,1,2,4,5,8,9
0,2,4,7
0,1,3,4,5,9
0,1,3,4,5,7,8,9
0,4,7,8,9,10
0,1,4,6,7,12
0,1,2,3,5,6,7,8,9,11
0,1,3,4,7,10
0,2,5,6,9,10
0,1,2,3,7,10
0,1,2,5,6,8
0,1,2
0,1,2,3,5,8,12
0,1,2,3,4,10,12
0,1,2,3,4,6,7,9
0,1,3,4,9
0,1,3,4,5,7,12
0,1,2,3,4,6
0,1,3,4,7,9
0,1,3,4,12,14
0,1,2,3,9,11,12
1,3,6,12
0,2,3,5,6,12,13
0,1,2,4,6,7
0,1,3,6,7,8
0,1,2,4,6,7,8
0,1,2,3,5,6,8,12
0,3,5,13
0,1,2,7
0,1,2,4,6
0,1,4,7,9
0,1,2,3,4,6,7,12
0,1,6,7
0,2,3,4,6
0,1,4,5,6,11
0,1,2,5,6,12
0,1,2,9
0,1,2,3,5,6,8
0,1,3,4,7,9,12
0,1,3,4,7,9,11,12
0,1,2,3,6,8,9
0,1,3,6,11,12
0,1,2,4,7,9
0,1,3,4,7,9
0,1,2,5
0,1,2,3,7
0,2,6,7
1,4,5,7
0,1,2,3,4,7,9,12
1,5,6,7,10
0,1,2,3,4,5,7,9
0,1,2,6,9,10
0,3,4,5,8,9
0,1,4,6,7,8,12,14
0,1,2,3,5,6,11,12
1,2,3,6,8,11
0,1,2,3,5,9
0,4,8
0,5,6,7,8,14
0,1,2,3,4,5,6,7,10
0,1,2,3,4,7,8,9
0,2,5,7,8,9
0,1,2,6,7
0,3,5,6,7,8,11
1,3,5,6,11
0,2,5,6,11
0,1,6
0,4,6,7
0,1,2,3,4,5,7,9,10
0,1,3,4,5,8
0,2,3,6,7,9
0,1,4,5,6,7,8
0,1,3,7
0,1,2,3,4,7,8
0,1,3,8,10,14
0,1,2,8
0,1,3,5,6,7,14
0,1,2,5,7,8,9,11
0,2,3,4,5,8
0,1,2,3,4,7,9,10,14
0,1,2,4
0,1,4,5
0,1,2,3,4,7,8,9,14
0,1,3,5,8,13
0,1,3,5,9,10
0,1,2,3,5,6,7
0,1,3,4,6,7,8
0,1,4,7
0,1,2,4,6
0,2,3,6,7,11
0,1,2,4,5,7,8,9
0,1,2,3,4,5,8
0,1,2,4,7,8,9
0,2,3,7,8
0,1,2,4,6,8,9,10
0,1,2,4,5,7,8
0,1,2,6,8,9
0,1,3,6,8,9,11,14
0,1,2,7,8
0,1,2,3,6,12
0,1,2,6,7
0,1,3,4,7
0,1,2,3,6,7,9
0,1,2,6,9
0,1,2,4,5,7,8
0,1,3,4,8,12
0,1,2,3,4,5,9
0,1,2,3,6,7,8,9
0,1,6
0,1,4,5,9
0,1,3,4,6,7,8,12
0,1,3,4,5,6,7,8,10
0,1,5,7,9
1,2,3,4,7,8,9
0,1,2,7
0,1,2,3,6,8
0,1,2,4,6
0,1,2,4,5,7,8,9
0,2,6
0,2,4
0,1,2,3,6,11
0,1,4,12,14
0,1,4,8,9,10,12
0,1,2,4,7
0,1,3,4,5,7,9,10,12
0,1,2,5,6,7,8,9,10
0,1,2,4,6
0,2,3,5,7
0,1,2,4,6,8,9,12
0,2,3,5,6,7,8,9
0,1,2,4
0,2,6,7
0,1,2,3,4,6,7,9,10
0,1,3,4,5,6,8,9,12
0,1,2,6,7
0,1,2,3,9,12
0,1,2,8,10
0,1,2,3,4,6,7,9
0,1,4,5,6,7,9,10
0,1,2,5,7
0,1,2,3,5,6,7,8,9,10
0,1,2,3,4,5,6,8,14
0,1,2,5
0,1,2,5,7,8,9,10,13
0,1,2,3,4,7,9,12
0,1,2,3,6,12
0,3,5,8,11,13
0,1,2,4,6,7
0,1,7
0,1,5,7
0,2,7,8
0,1,2,3,6,7,10,12
0,1,4,7,8,9
0,1,2,4,6,7,8,9,10
0,1,2,3,9,11,12
0,1,2,3,4,6,7,11,12
0,2,3,5,6,8
0,1,2,4,9
0,1,2,8,9
0,1,2,8,9
1,2,4,9
0,1,2,3,4,7,9,12
0,3,4,6,7,8
0,1,2,5,6,8,12
0,1,2,3,9
1,2,4,8
0,1,4,6,8,9,12
0,1,3,4,7,8,9,10,12
0,1,2,8,9
0,1,2,3,9,11
0,1,3,5,6,7,9
0,1,2,3,5,6,9
0,1,3,4,8,10
0,1,2,3,4,6,12
0,1,2,3,4,5,7
0,1,3,6,7,8,9
0,1,2,4,5,7,8,9
0,1,2,3,4,6,7,9
0,1,3,4,7,9,12
0,1,3,5,6,8,13
0,2,6,7
0,1,2,5,7,9,10,12
0,1,2,4,5,8
1,2,3,5,8,11,12,13
0,2,3,4,6,7,8,9
0,1,3,12,13
0,1,3,5,8,9
0,1,3,4,5,7,8,9,14
0,2,3,4,6,9,12
0,1,4,5,7,8,9
0,1,2,3,6,7,9,10,14
0,7
0,1,4,9
0,1,2,4,6,7,9
0,1,2,3,7
0,1,2,3,4,6,7
0,1,2,3,7,9
0,1,4
0,1,2,3,6,7,9
0,1,2,5,7,8
0,1,2,7,8
0,1,4,5
0,1,2,4,6,7,8,9,11,14
0,1,2,4,5,9
0,1,6,7
0,1,2,4,7,9,10,12
0,1,2,5,7,8,9
0,1,2,6,7
0,2,7,8
0,1,2,3,4,6,7,9,11
0,1,2,3,5,8,11,12
0,1,2,4,5,7
0,1,2,3,5,8,11
0,1,2,6,9,13
0,1,2,3,4,5,7,8,9
0,1,4
0,1,2,6,11
0,1,2,4,5,7
0,1,2,4,7
0,1,2,3,4,6,9,11
0,2,3,4,9,11,12
0,1,2,3,4,6,7,9
0,1,3,4,7,8,10
0,1,4,6
0,1,3,4,8,14
0,1,3,4,6,7,8,10,14
0,1,2,4,6,7
0,1,2,3,5,6,7,8,9,13
0,1,6
0,1,3,7,9,11
0,1,2,5,7,8,9
0,1,2,8
0,1,2,3,5,8,9,14
0,3,4,6,7,10
0,1,2,7,9
0,1,3,7,10
0,1,2,6,7
0,1,2,7,8,10,12,14
0,2,3,5,10
0,1,2,6,9,11
0,1,3,4,5,7,13
0,1,6
0,1,2,4,9
0,1,7
0,1,2,3,4,6,9
0,1,2,3,4,5,7,8
0,1,3,4,6,7
0,1,2,3,4,5,7,8,9
1,2,3,4,5,7,9
0,3,6,7,8,10
0,1,2,3,8,12
0,1,2,3,7
0,1,2,6,8,11
1,3,4,8,9
0,2,3,4,8
0,1,2,3,4,7
0,1,2,6
0,1,2,3,4,8,9,12
0,1,7,9
0,1,4,5,9
0,1,2,3,4,5,8,11,14
0,1,2,5,8,9
0,1,2,7
0,1,2,3,5,12
0,1,2,4,5,7,8,9,10
0,2,8,9,13
0,1,2,6
0,1,4
0,1,2,6,8,9
0,1,8
0,1,2,3,4,5,6,7,8,9
0,1,2,3,4,6,7
0,1,7,8
0,1,5,8,9
0,1,2,7
0,1,2,4,5,7,9
0,1,4,7
0,1,2,4,6,7
0,1,2,4,7,8
0,1,2,8
0,1,2,3
0,1,2,7,9
0,2,11,12
0,1,3,4,6,7,9,11
0,1,2,6,7,11
0,1,2,3,4,6,7,9,11
0,1,2,4,7
0,1,3,4,6,8,12
0,7,12
0,1,7,8,9
0,1,2,5,7,9
0,1,2,5,7
0,1,2,3,5,8,11
0,1,4,5,7,8,9
0,2,3,4,5,8,10
0,1,3,4,6,7
0,1,4,7,8,9
0,1,2,6
0,1,4,6,7
0,1,2,4,11
0,1,2,4,5
0,1,3,4,10
0,1,4,7
0,1,2,6,7,8,9
0,1,6,8,9,10,12
0,1,2,3,5,6,8,13
0,1,2,5,8,9
0,1,2,3,4,6,7
0,1,2,3,6,8,11,13
0,1,2,6,13
1,2,5,9
0,1,2,6,8,11,13
0,1,2,4,7,11,12
0,2,4
0,1,2,3,5,6,8,12
0,1,2,4,5,6,7
0,1,4,5,7,9,11,14
0,1,3,5,6,11,12,13
0,1,5,13
0,1,4,7
0,1,4,5,6,7,9,10
0,1,2,7,8
0,2,4
0,1,2,3,4,6,7
0,1,3,4,6,7,8,12,14
1,2,8
0,1,3,6,7,8,9,12
0,1,2,5,6
0,1,3,4,5,8,11,14
0,1,6,8
0,2,3,5,6,7,8,9
0,1,2,3,7,8,9
0,1,2,3,4,5
0,1,2,3,4,6
0,1,2,3,4,7,8,9,14
0,1,2,7
0,1,2,3,4,6,8,9
0,1,2,3,9
0,1,2,5,7,8
0,1,2,3,4,7,8
0,1,2,3,4,6,9,11
0,1,2,3,4,9
0,1,2,4,5,8
1,2,4,6,7,8
0,1,2,4,6,7,9
0,1,2,3,5,9
0,1,2,3,4,6,11
0,1,2,3,5,6,7,11
0,1,6,7,8,9
2,3,6,7,9,12
0,1,2,4,7
0,1,4
0,1,2,3,8
0,1,2,3,6,11
0,1,2,6
0,1,3,5,6,7,9,14
0,1,2,4
0,1,2,3,4,6,11,12
0,1,3,8,10,13
0,1,2,3,4,6,9,10
0,1,2,3,4
0,1,2,3,10,12
0,1,3,4,5,8
0,1,2,4,6,7
0,4,8,9,10
0,1,2,3,6,7
0,1,9
0,1,5,6
0,1,2,4,6,8,9
0,1,2,7,9,10,12,14
0,1,2,5,9,11
0,1,2,4
0,1,4,8
0,1,2,3,4,7
0,1,7
0,2,3,4,5,6,9
0,1,2,3,5,7,8
0,1,2,3,6
0,1,4,8
0,1,2,3,5,8,9,10,12
0,1,2,4,5,9
0,1,2,4,6,7,10,12,14
1,2,6
0,1,3,4,5,6,9,10
0,8,14
0,1,4,6,7
0,1,2,4,6
0,1,3,6
0,1,3,5
0,1,2,3,4,5,7,8
0,1,2,4,6,7,8,10
0,1,2,3,5,6,7
0,1,2,3,8,9
0,1,2,3,4,7,8
0,2,4
0,1,2,4,8,9
0,1,2,3,5,6,8
0,1,2,3,4,5,10
1,2,3,4,5,7,8,9
0,1,2,3,4,5,8
0,1,2,3,6,8,12
0,1,4,7
0,1,2,3,6,12
0,1,2,3,5,9
0,1,2,3,4,7,8
0,1,2,3,5,8
0,1,6,8
0,2,6,11
0,1,2,4,5,7
0,1,2,3,4,5
0,1,2,3,4
0,1,2,4,6
0,1,4,7,8,9
0,1,7,8
0,1,2,6,7,9
0,1,2,5,7
0,1,2,3,4,5,7,11
0,1,2,3,4,7
0,1,2,3,5,7
0,1,2,3,4,7,14
0,1,3,4,6,8,9
0,1,3,5,7
0,1,4,6
0,1,2
0,1,2,3,5,10
0,1,2,4,5,7,9
0,1,2,3,4,5,9
0,2,3
0,1,2,3
0,1,3,5,6,11,12
0,1,2,3,4,6,8,9
0,1,4,6,9,11
0,1,6
0,1,4,7
0,1,2,3,4,6,7,9,11,12
0,1,3,4,6,7,8
0,1,3,4,8
0,1,3,5,6,7,8,9,10,13
0,1,2,3,4,6,7,8
2,3,5
0,1,3,4,5,8,9,10
0,1,2,3,5,6,10,12
0,1,4,9
0,1,3,6,8,9
0,1,2,3,4,5,6,7,8,12
0,1,2,6,7,10
0,1,2,4,5,7,8,9
0,1,2,4,5,8
0,1,2,4,6
1,2,7,8,10
0,1,2,3,4,6,7,8,9,10,12
0,1,2,7,9,12
0,1,2,3,4,7,8,10
0,1,2,3,4,5,8
0,1,2,4,5,9
0,1,4,6
0,1,2,8,10,12
0,1,2,6,9
0,1,2,4,7
1,2,3,6,7,9
0,1,2,3,4,6,7,9
1,2,6
0,2,3,5,6,12
0,1,3,4,7,9,11,12
0,1,3,4,6,7,11
0,1,2,4,5
0,1,2,4
0,1,3,8
0,1,3,4,5,6,9
0,1,2,4,7,8,9,11
0,1,2,5,7,8,9
0,1,3,6,9
0,2,3,9
0,1,3,4,8,9,10,12
0,1,2,3,4,6,7
0,2,3,4,5,7,10
0,1,2,4,9,10
0,1,2,4,7,8
0,1,2,7,8
0,1,2,4,5,6,7
0,1,4,7,9
0,1,2,4,8
0,1,4,5,6,7,8
0,1,2,4,5,7,9
0,1,3,4,5,6,7,14
0,1,2,3,4,5,6,8,9,11
0,1,3,4,9,12,14
0,1,2,7,8,9
0,1,6,7
0,1,2,3,5,11
0,1,2,3,4,7,8
0,1,2,5,9
0,1,2,3,7,8,9
0,1,2,3,4,8
0,1,2,3,4,7,9
0,1,2,3,4,6,12
0,2,4,8,9,11,14
0,1,2,5,7
0,1,6
0,2,5,8,9
0,7
0,1,2,4,5,9,10
1,3,4,6,8
0,1,2,4,6,7,8,10,12
0,1,2,4,8
0,3,4,6,7,12
0,1,3,4,6,7,8,9
0,1,5,7,8
0,1,2,3,8
0,1,2,4,5,7,8,10
0,1,2,7,8
0,1,3,8,11
0,1,2,4,6,7
1,3,4,5,7,9
0,1,5
0,1,2,3,4,6,9,10
0,1,4,5,6,9
0,1,2,4
0,1,2,4,7,11,12
0,1,3,4,12,14
0,1,2,6,7,14
0,1,2,3,4,6,7,8,9,11,14
0,1,2,3,4,5,6,8,9,12
0,1,2,4,5,6,7,9
0,1,2,3,5,6,11
0,1,2,4
0,1,2,4,7
0,2,4,8,9
1,8
0,1,2,3,5,8
0,1,3,4,5,8,10
0,1,2,3,4,5,7
0,2,4,9,14
0,1,2,4,5,6,7,8,9
0,1,8,11
0,1,2,3,4,6,10,12
0,1,3,7,9
0,1,2,4,6,11
0,1,2,3,4,7,9,11
2,6,7,9,12
0,2,3,4,8,12
0,1,2,3,4,5,8,9,11
0,1,4,8,9,14
0,1,2,3,4,6,9,12
1,2,3,4,7
0,1,3,5,6,7,8,9,10
1,2,3,5,6,8
0,1,2,3,6,7,8
0,1,2
0,1,2,3,5,6,8
0,4,5,6,7,8,9,14
0,1,2,3,5,6,7,9
0,1,2,3,5
0,1,2,6
0,2,5,11
0,1,2,3,9,10
0,1,5,11
0,1,3,11
0,1,2,3,4,5,6
0,1,4,6,9,10
0,1,2,3,4,5,8,14
0,1,3,4,6,7,8,14
0,1,9
0,2,5,8
0,1,2,3,4,6,7,8,9,11
0,1,2,9
0,1,2,6,9,10,14
0,2,6,7,9,11
0,1,2,3,4,5,7
0,1,2,4
0,1,3,4,6,7,8
1,3,4,5,7,8,9
1,2,3,4,5,6
0,1,2,3,7,8,10
0,1,2,4,7
0,2,3,4,5,7
0,3,4,7,8
0,1,3,6,12
0,1,2,4,6,9
0,1,4,5,6,7,8,10,13
0,1,2,3,5,6,9
0,1,2,11,12
0,1,2,7,9
0,1,2,4,6,7
0,1,2,3,5,7,8
1,2,4,6,7
0,1,3,5,6,8,12
0,1,3,7,12
0,1,2,7,8,9
0,1,2,4
0,1,2,3,6,11
0,2,4,6,7
0,1,2,3,7,8,9,10
0
0,1,5,6,7,8,9,11
0,1,2,4,5,6,7,8,11
0,1,2,3,5,6
0,1,2,4,5,9
0,1,2,4
0,1,3,5,6,7,9
0,4,5,7,10,13
0,1,2,7,9
0,1,2,6
0,4,5,7,8
0,1,2,4,7
0,1,2,3,4,5,6
0,1,3,5,7,9,14
1,4,7
1,2,3,5,8,11
0,1,2,3,6,9,11
0,1,2,3,5,6,11
0,1,3,4,6,8
0,1,2,3,7,9,10,12
0,1,2,3,4,8
0,1,2,3,8
0,1,2,3,7,8,9
0,1,2,4,5,7
0,1,6,7
0,1,2,7
0,1,2,3,4,7,8,9
0,1,2,3,4,9,10
0,1,2,3,4,8
0,1,2,4,6,7
0,1,2,4
0,1,2,6
0,1,2,3,6,7,9
0,1,3,4,6,9,11
0,1,2,3,4,5,9
0,1,2,3,4,6,7,8,9
0,1,2,3,4,5,7
0,1,2,3,7,8,9,10
0,1,2,3,4,7,11
0,1,2,4,7
0,2,4,6,7,8
0,1,2,9,10
0,1,3,6,8,12
0,1,3,4,7,9,13
0,1,4,5,9
0,1,2,4,5
0,1,2,3,7,9
0,1,2,3,4,5,6,7,9
0,1,2,3,4,6,7
0,1,2,6
0,1,3,5,6,9,11
1,2,3,7,8
0,1,2,3,4,7,9,10,12
0,1,2,4,6,7,9
0,1,2,3,4,6,9,13
0,1,2,4,5,9
0,1,2,3,5,6,8,9
0,1,2,4,6,9,13
0,1,2,3,4,7,8,9
0,4,5,7
0,1,2,3,4,6,9,12
0,1,3,4,11,12
0,1,2,3,5,8
0,1,3,5,7,9
0,1,2,3,4,5,7,8,12
0,2,3,5,13
0,1,5,8
0,1,4
0,1,2,3,4,7,8,9,10,14
0,1,3,5,6,8,13
0,1,3,4,5,7
0,1,2,3,4,5,8,11
0,1,2,4,5,8,10
0,1,2,3,4,6,11
0,1,4,5,6,10
1,2,3,4,5,7
0,1
0,1,2,5,8
0,1,8,9
0,1,4,7,9,10,12
0,1,2,4,6,7
0,1,2,3,4,5,6,7,8
0,2,3,4,6,7,9,11
0,1,2,4,8
0,1,7,8,9
0,1,4,7
0,1,4,5,7
0,1,3,4,5,6,7,10,12
0,1,2,4,6,7,9
0,1,4,6,9
0,1,2,3,4,6,8,10
0,1,3,6
0,1,3,4,5,7,8,10
0,1
0,1,2,3,4,6,8,9,12
1,2
0,1,5,11
0,1,2,5
0,1,2,7
0,1,7
0,1,3,4,5,6,7,8,10
0,1,2,4,5
0,1,3,6,7
0,1,2,4,6
2,4,12
0,1,4,5
0,1,2,3,8,9
0,1,3,4,5,8,9,10,13
0,1
0,2,3,6,7
0,1,3,6,7,8
0,1,2,3,7
0,1,2,3,7,11,12
0,1,3,4,5,6,7,8
0,1,4,5,10
0,1,7
1,2,4,6,9,10,12
0,1,2,4,6,9,10,14
0,1,2,3,4,6,7,8,9
0,1,2,4,12
0,1,3,4,9
0,1,3,6,7
0,1,3,4,7,8,9,10
1,4,6
0,1,2,3,4,5,6,7,8,9,10
0,1,3,4,6,7,14
0,1,2,4,6,7,9
0,2
0,1,2,3,5,7,9
0,1,3,8,11,12,13
0,1,2,3,5
0,1,2,4,7,9
0,1,2,3,4,6,7,9
0,3,5,6,8,13
0,1,2,4,6,7
0,1,3,4,9
0,1,3,4,7,10,12
1,2,5,7,8,9
0,1,2,3,4,5,6,7,8,9,10,13
0,1,4,6,12
0,1,2,4,5,8
0,1,3,4,5,7,8,9
0,1,5,7,9
0,1,2,3,6,8,11
0,1,2,3,5,6,8
0,1,2,3,4,9
0,1,2,3,4,5
0,1,3,5,11,12
0,1,6
0,1,2,6,9,11
0,1,2,5,8,9
0,1,2,3,4,6,7,11
0,1,2,5,8,11
0,1,2,3,6,8,11,12
0,1,5,8,12
0,1,2,3,7,8,11
0,1,2,4,6
0,1,5,6,8,11,12,13
0,1,3,4,6,8,13
0,1,2,3,4,6,9,12
0,1,2,9
0,1,2,3,5,7,9
0,1,4,6,8
0,1,2,4,6,7,8
0,2,3,4,5,6,7,10
0,1,2,3,4,5,7
0,1,3,4,6,7
0,1,2,7,8,9
0,1,3,7,8,9
0,1,2,4,6
0,1,2,4
1,3,4,6,7,11,12
0,1,2,8
0,1,2,4
0,1,2,3,4,5
0,1,4,5,7,9,11,14
0,1,2,3,7,8,9,10,14
0,1,2,4,5,6,9
0,1,3,4,6,12
0,1,2,3,5,7
0,1,2,3,4,9
0,8
0,1,2,4
1,2,4,5,6,7,8,9,14
1,3,5,6,8,12
0,1,2,4
0,1,2,3,4,6,7,8
0,1,2,4,5,8,9,11
0,1,5,9,10,12
0,1,2,4,5,7,9
0,1,2,3,4,9
0,6,7,9,10,12
0,3,4,5,7
0,1,2,3,12,13
0,1,2,3,5,6,8
0,1,2
0,1,2,4,6,7,9,12
0,2,3,4,8
0,1,2,6,7,8,14
0,1,2,6,7,9
1,6
0,1,2,3,4,6,8,11
0,1,2,3,7,8
0,1,3,5,6,9,12
0,1,2,3,4,5,9
0,1,2,3,4,6,7,8,9,12
1,4,6,8,9,10,12
0,1,2,4,5,8,9
0,1,2,3,7,8
0,1,2,8
0,1,2,3,7,9
1,2,4,5,9
0,1,3,5,6,8,11,12
0,1,2,3,5,6,7,8,11,14
0,2,3,4,7,8
0,2,3,5,12
0,1,2,3,5,6,7,9,10
0,1,2,5,6,11,12
0,1,2,3,5,6,11
0,2,6,11
0,1,2,3,4,6,9
0,1,2,6,7,9,12
0,1,5,12
0,1,5,9
0,1,2,3,5,6,8
0,1,2,4,8
0,2,4,5,8
1,6,8
0,3,4,9,11
0,1,6,7,9,12
0,1,2,3,4,6,7,9
0,1,2,4,6,9,11,12
0,1,2,3,4,6,10
0,2,3,4,6,7,9,12
0,2,3,4,7,8,9
0,1,2,6,12
0,1,2,4,6,7
0,1,2,3,4,5,7,9
0,1,2,6,7,8,9
0,1,2,3,4,8,11,14
0,1,2,5,8,9
0,2,3,4,6,7,14
1,2,3,4,5,7
0,1,2,3,4,5,7,8,9,11
0,1,2,3,5,11,14
0,1,2,7
0,1,2,3,6,9,12
0,2,4,6,7
0,1,2,3,4,5,6,7,8
0,1,2,3,5,8,9
0,2,4,6,8,9
1,2,3,6,8,10,13
0,1,2,4,5,7
0,1,3,6,7,9,13
0,1,2,3,4,6,7,9
0,1,2,3,5,11
0,1,3,6,8
0,1,3,4,6,7,8,13
1,3,4,7,11,14
0,1,3,7,9,12
0,1,2,3,4,12
0,1,3,6,9
0,1,2,3,4,7,9
0,1,2,3,5,8
0,1,4,6,7
0,2
0,2,3,6,9
0,1,2,4,6
0,1,2,4,7
0,1,2,3,4,5,6,7,9,10
0,1,2,3,7
0,1,2,3,6,8
0,1,4,7,9
0,1,2,3,4,5,8,10,13
0,2,4,5,6
0,1,3,5,6,8,12,13
0,1,3,5,6,8
0,2,5,9,14
0,1,3,6,8,9,12
0,1,2,4,6,8,10,12
0,1,2,9,11,12
0,1,2,4,8,9
0,1,3,4,6,9
0,1,2,4,6
0,1,2,4,6,7
0,2,4,8,9
0,1,2,3,5,6,9,14
0,1,2,4
0,1,2,4,6,7
0,1,2,7,8,9,12
0,1,3,8,9
0,1,2,3,4,6,13
0,1,2,3,6,8
0,1,4,5,6,8,10
0,1,3,4,5,6,8,14
0,1,4,6
0,1,2,6,7
0,1,2,4,5,6,8,10,12
0,1,2,4,6,8
0,1,2,3,5,6,7,8,9,12
0,1,2,4,6,7
0,1,2,3,4,5,9
0,1,2,3,5,8
0,1,2,3,6,8,13
0,1,2,6
0,2,4,6,7,8,9
0,2,3,5,8,9,14
0,1,2,3,6,7,8,9
0,1,2,5
0,1,2,7,11
0,1,2,4,6,7
0,1,4,5,7,8,9
0,1,2,3,4,8
0,1,2,3,6,7,8,12
0,1,2,3,5,7,8
0,1,3,4,5,7,9
0,1,2,3,5,7,8,9
0,1,2,6,9,11
0,1,3,11
0,1,2,4,5,7,8,9
1,5,6
1,2,3,6,8,9,12
0,2,3,5,7,9,10,12
0,1,2,3,7,9
0,1,2,3,4,5,6,8,9
1,3,6,7
0,1,2,3,4,5,7,9,11
0,1,2,3,7
0,1,2,4,8
0,1,2,4,9,12
1,6,7,10,12
0,1,2,3,5,8,11,13
0,1,2,3,5,9,12
0,1,2,3
0,1,4,5,7,8,9,10
0,1,2,5,6,7,10
0,1,2,3,5,6,7,13
0,1,2,3,4,6,7,8,9,10
0,1,3,9
2,3,8,13
0,1,3,4,7,8,9
0,1,2,5,7,8,9
0,3,4,5,6,8
0,1,2,4,5,7,9
0,1,4,9
0,1,2,3,4,7,9,12
0,1,2,3,4,7,9
0,1,3,4,5
0,1,2,3,5,7
0,1,2,3,5,6,8
0,2,6
0,1,2,3,5,7,10
0,1,2,4,5,7
0,1,2,6
0,1,2,3,4,5,7,9,10,13
0,1,2,4,5,9
0,1,2,6
0,1,2,3,6,7,11,14
0,1,2,3,4,5,8,9,11,14
0,1,2,9
0,1,4
0,1,2,3,4
0,1,2,3,4,6,7,9
0,1,2,4,5,8,9,11
0,1,2,4,6,7,12
0,1,3,4,6,12
0,1,2,3,5,6,8,11,13
0,1,2,3,4,5,8
0,1,4,7,8,9
0,1,2,3,5,6
0,1,2,5,10
0,2,3,4,6,12
0,1,2,3,4,6,7,12
0,2,3,5,8,11,12
0,1,2,8,9,10
0,1,2,4,5,7,10
0,1,7,8,9
0,1,2,3,4,5,7
0,2,4,5,6,8
0,1,2,4,7,8
0,1,4,9,14
0,1,2,5,7
0,1,2
0,1,2,7
0,1,3,4,6,11,12
0,1,2,3,4,6,7,9
0,1,2,5,9
0,2,3,6,9
0,1,4,5,8,9
1,6,7
0,2,8
0,1,2,3,5,6,12
0,1,4,5,6,8,9,10
0,2,5,6,8,13
0,1,3,4,6,9
0,1,2,6
1,2,4,6
0,2,4,6
0,1,2,5,6,11,12
0,1,2,3,8,11,12
0,1,3,6,7,11
0,1,2,3,5,12,13
0,1,2,3,4,8,9
0,1,2,3,8,12
0,1,2,5,7,8,9,10
0,1,2
0,1,3,7,8,9
0,1,2,3,4,6,7,9
0,1,2,4,6
0,2,4,5,6,7,8
0,1,4,5,7,8,9,12
0,1,4,6,7,11,12
0,1,2,3,5,7,9
0,1,2,3,6,7,8,10,13
0,3,4,5,8,13
0,2,3,4,7,9
0,1,2,4,8
0,1,4,5,6,10
0,1,3,4,7
1,2,3,4,7,10,14
2,4,6,11
0,1,2,3,5,6,9
0,1,2,9
0,1,2,4,6,7,9,12
0,1,2,3,4,6,7
0,1,2,5,8
0,1,2,5
0,1,2,4,5,10,12
0,1,2,4,6
0,1,4
0,1,2,3,8,10
0,1,2,3,6
0,1,2,9
0,1,5,8,9,13
0,1,2,3,6,7,8,14
0,1,2,3,8
0,1,2,3,6,8,13
0,2,3,4,7
0,1,4,5,7
0,1,2,7,9
0,1,2,6
0,1,2,7
1,2,3,6,7,9,11
0,1,2,4,5,7,9,14
0,1,2,3,5,8
0,1,2,3,8
0,1,2,3,8
0,1,2,3,4,7,9,12
0,1,2,7,9
0,1,2,3,6,7,8
0,1,2,3,6,10,12
0,1,2,6,8,9
0,2,3,6,7,9
0,1,2,4,6,7,9
0,1,2,3,5,9
0,1,2,4,6,7,8,14
0,1,6,7,9,12
0,1,2,5,6,8,9,10
1,2,4,6,7
0,2,4,5,6,8,12
1,2,5,6,7,8,9,13
1,5,9
0,1,8,10,12
0,1,2,7
0,1,2,3,5,7,9,12
0,1,3,4,6,7,8,9
0,1,2,7,9,11,12
0,2,3,5,8,13
0,3,4,11,12
0,1,2,3,4,6,7,9,12,14
0,1,2,3,6,9
0,1,2,6
0,1,2,4,5,6,7,9,10
0,2,4,6,7
0,2,4,5,6,7,9
0,1,2,3,6,12
0,2,3,6,8,12,13
0,1,5,8
0,1,7,12
0,1,2,3,4,9
0,1,7,9
0,1,2,4,9
0,1,3,4,7,9
0,2,3,4,6,9
0,1,2,6,7,11
0,1,2,3,4,6,9
0,1,2,3,6,9
0,1,3,4,7,9
1,2,3,4,6,8,9,10,12
0,1,2,6
0,1,6,7,8,9
0,1,2,5,9
0,1,2,3,5,8,9,10,12
0,1,2,7,8,9
0,1,2,3,7,8,9
0,1,2,3,4,6,7,9,10
0,2,4,5,7
0,1,2,3,5,8,9
0,1,2,3,4,6,7,8,9,10,14
0,2,3,5,8,9
0,1,3,4,7,8,9,10
0,1,2,3,7
0,1,4,6,7,9,11,12
0,1,2,6,7,9
0,1,2,5,9
1,7,12
0,1,3,4,7,9
0,1,2,3,6,8,9
0,2,7,10,14
1,2,3,8,11,13
0,1,3,4,6,7
0,1,2,4,5,9
0,1,5,6,7,8,9,10,12
0,1,2,3,4,5,6,7,8
0,1,4,6,7
0,1,2,3,4,5,7,8
0,1,2,3,5,9,11,14
0,1,2,3,5,9,11
0,1,2,3,4,6,8,9,10,12
0,1,2,5,6,11
0,2,4,7
0,1,4,6,7
0,1,2,3,4,6,7,8,9
0,1,2,3,5,6,8,11,12
0,1,2,4,6,8
0,1,2,3,4,6,7,8,10,12,14
0,3,4,6,7,8,9,14
0,1,3,4,5,7,8,9
0,1,2,4,6,11
1,2,5,9
0,1,2,5,8
0,1,2,4,5,6,7,8,11,14
0,1,2,3,4,6,7,8
0,1,2,5,7,8,9,11
0,1,2,6
0,1,2,3,4,7,9
0,1,3,4,6,7,8,9,13
0,1,2,3,9,10,14
0,1,2,5,6,7,8,12
0,1,2,3,4,6,8
0,1,3
0,1,2,3,5,6,8,12,13
0,1,2,4,5,6
0,1,2,6
0,1,2,3,4,5,8,10
0,1,2,3,4,5,6,9
0,1,2,3,4,5,6,9,10
0,3,4,5,6,7,9
0,1,2,3,4,6,7,8,12
0,1,2,5,6,9,10
0,1,2,7
0,1,2,3,6,7,8,9
0,1,2,6,8,9
0,1,3,4,5,7,8,9
0,1,2,3,6
0,1,3,7,8
1,3,6,12
0,1,2,3,5
0,1,6
0,1,2,4,7
0,1,2,6
0,1,2,4,5,8
0,1,2,3,7,9
0,1,2,3,4,7,9
0,1,2,4,6
0,1,2,3,6,7,9
1,6,8,11,12
0,1,2,4,7
0,1,2,6,8,11
0,1,2,3,6,8,9
0,1,2,3,5,11,13
0,1,6,7
0,1,2,4,6,10
0,1,2,3,8,9
0,1,3,8,9
0,2,3,5,9
0,1,3,5,7,8
0,1,2,3,4,5,7
0,1,5,9
0,3,4,9
0,1,2,3,5,8,11,12,13
0,1,2,3,7
0,1,4,5,9
0,1,2,4,7,8,9,10
0,1,2,4,5,8,9
0,1,3
0,1,2,3,5,6,12
1,2,3,4,9
0,1,3,4,7,8,9
0,1,2,4
0,1,2,6,8
0,2,4
0,1,2,5
0,1,4,7,11
0,1,2,4,6
0,1,2,4,6,7
0,1,7,8
0,1,2,6,8,10,12,14
0,1,2,4,7,8,9
0,6,12
0,1,2,3,7,10
0,1,2,3,5,8,10,13
0,1,2,3,4,8,9
0,1,2,3,5,7,8,9,11
0,1,2,6,8
0,1,2,3,6,8,9,11,14
1,5,6,11,12
0,2,3,6,11,13
0,1,2,6,11
0,1,6,7
0,1,2,3,7,8,9,10
1,3,4,6,7,8,9
0,1,2,4
1,4,5,9
0,1,2,5,6,12,13
0,1,2,3,4,6
0,1,4,5,7,9,12
0,1,2,4,7,8,9
0,1,2,3,9
0,1,2,4,5,6,7
0,1,4,5,8
0,1,8,12
0,1,3,4,6,7,8,9,10,14
0,1,2,3,4,10
0,1,5,9
4,5,7,8
0,1,2,5,7
0,1,2,3,5,7,10
0,1,2,3,7,8,9,14
0,1,4
0,1,4,5,8,9
0,1,2,5,7,9
0,1,4,5,7,9
0,1,3,6,7
0,1,2,4,5,8
0,1,2,4,6,7
0,1,2,4,7
0,1,2,4,5,7,9
0,1,2,4,5,7
0,1,2,3
0,1,2,4,6,7,8,12
0,1,2,3,4,6,7,9
0,1,6,7,8,9
0,3,4,6,9
0,1,5,8
0,1,2,3,4,6,7
0,1,3,8
0,1,2,4,6,7
0,1,2,3,4,5,6,8,9
0,1,5,6,7,9
0,1,4,5,8,10
0,1,4,6
0,1,2,4,6
0,1,4,6,8
0,1,2,4,7
0,1,7,9
0,1,2,4,6,7,11,12
0,1,2,4,7,8,9
0,1,2,4,5,6,8,10
0,1,3,6,7,8,9
0,1,2,3,4,6,9,11
6,7,8
0,1,2,3,4,9
0,2,3,4,7,11,12
0,1,2,4,6,7
0,1,2,5
0,1,2,5,8
1,2,3,4
0,1,2,3,4,7,8
0,3,4,5,7,8,9
0,1,6,7,8
0,1,2,4,5,6,9,10,12
2,3,4,7,9,14
0,1,4,7
0,1,2,3,5,8,9
0,1,2,5,11
0,1,3,6
0,1,2,3,4,5,7
0,1,3,4,5,9,10
0,1,4,9,14
0,1,2,4,6,8,9
0,1,2
0,1,3,5,6,7,9
0,1,2,5,8
0,1,2,5,11,12
0,1,4,5,6,7,9,12
0,2,3,11,12
0,1,2,7
0,1,2,4,8,9
0,1,4,7,8,9
0,1,2,3,4,6,8,9
0,1,4,5,7,8
0,1,5,7,9
0,1,2,7
0,2,4,7,9
0,1,3,4,5,7,9
0,1,2,3,4,5,9,11
0,1,2,3,6,8,9
0,1,2,3,4,7,9,11
0,1,6,7,10
1,2,7,9
0,1,3,4,7,8,9
0,1,2,3,6,10
0,1,2,6,8,11,12
0,1,2,3,4,7
0,1,2,3,8,14
0,1,3,4,7,8,9
0,1,2,3
0,1,2,3,5,11,12
0,1,2,6,7,9,12
0,1,2,6,7
0,1,2,3,4,6,7
0,1,2,3,8
0,1,2,3,5,8
0,1,5,6,8,11,12,13
0,1,2,3,4,7
0,1,5,8,11
0,1,2,3,8,12,13
0,1,3,5,6,7,8,9
0,1,2,3,4,6,7,9
0,1,2,3,4,7,8,12
0,1,6,8,9,10
0,2,3,5
0,1,2,3,5,9
0,1,3,4,8,9,11
0,1,2,7,9
0,1,2,6,7,12
0,1,2,3,7,8
0,8
0,3,7,9
0,2,3,4,5,7,12
0,1,2,3,4,5,7,9
0,1,2,3,7,13
0,1,2,5
0,1,4,6,7,9
0,1,2,3,5,8,12
0,1,2,3,6,7,11,12
0,1,2,4,5,7
0,1,2,6
0,1,4,6
0,1,2,4,6,7,8,9
0,1,2,4,5,8,9
0,1,2,3,6
0,1,3,4,7,9,11
0,1,4,7,8,9,10,12
0,1
0,1,2,4,6,7
0,1,2,3,6,11
0,1,2,4,5,7,9,10
0,1,5,11,13
0,1,2,4,7,8,9
0,1,2,3,4,6,9,11,12
0,1,3,5,6,7,8
0,1,2,3,5,7,13
0,1,3,4,6,8,11,14
0,3,4,8
0,1,2,3,4,6,9,10,12
0,1,2,4,7,8
1,2,3,5,6,12
0,2,8,12,13
0,1,4,6,9
0,1,2,7
0,3,4,5,7,8
0,2,3,4,5,12
0,1,5,7,8
0,1,3,4,6,7,8,9,13
0,1,4,5,9,10
0,1,2,3,4,5,8
0,1,2,3,5,6,7,9,12
0,1,2,4,6,7,8,9,12
0,1,2,3,5,11
0,1,2,4,6,10,12
0,1,3,4,6,7,12
0,1,2,3,8
0,1,6,8
0,1,7
0,1,2,3,6,7,9,10,12
0,1,2
0,1,2,3,4
0,1,2,3,5,7,9
0,1,2,4,5,6,7,9
0,1,2,3,4,6,7,9,14
0,1,4,6,9
0,1,3,5,7,8
2,7,11
0,1,2,3,4,6,7
0,1,2,3,5,6,12,13
1,2,3,4,6,9
0,1,3,4,6,7,8,9,10
0,1,2,3,5,7,8,10
0,1,8,9,10
0,1,9
0,1,2,3,6,7,8
0,1,2,3,4,8
0,1,2,4,6,9,11
0,1,2,3,4,6,7,8,9,12
0,1,4,6
0,1,4,5,7,8
0,1,2,5,9,10
0,1,2,4,7,8,9,10
0,1,3,5,6,7,8
0,1,2,6,8
0,1,2,4,6,7,8,12
0,1,2,4
0,1,4,6,7
0,1,2,4,5,7,9
0,1,3,8,9
0,1,3,4,5,8,9
0,1,2,4,5,7,9
0,1,6,8,11,13
0,1,2,3,6,7,8,11
0,1,2,3,7,9,11,12
0,1,4,7
0,1,5,11,12
0,2,3,5,6,8
0,2,3,6,9,12
0,1,2,3
0,1,2,3,5,8,9
0,1,3,4,5,11
1,3,4,5,8,9
0,1,2,5,7,9
0,3,8
0,1,2,3,7,8,10
0,1,8,9
0,2,5,8,9,11
0,1,2,3,4,5,6,9,10
0,3,4,6,8,9
0,1,2,3,4,5,7,9,10,12
0,1,2,3,6,7,11
0,1,7
0,1,2,6
0,2,3,8
0,2,3,5,7,8
0,1,2,4,7
0,1,2,5,6,7,13
0,1,2,3,6,7,12
0,1,2,4,9,11
0,1,2,7,10
0,2,5,7,9
0,1,2,3,6,7,9,10,13
0,1,2,3,4,8,12
1,2,3,4,5,6,7,8
0,1,2,8,12
0,2,4,7,8
0,1,2,3,4,5,7,10
0,1,2,4,7
2,3,5,9
0,1,2
0,1,2,4,6,7,8,9
0,1,2,3,5,6,11
0,3,4,6,7,14
0,1,2,6,7,12
0,1,4,5,7,8,10,12
0,2,3,4,7,9
0,1,3,4,5,6,8,14
0,1,2,5,7,12
0,1,2,4,7,8
0,2,3,6,8,9,11
0,1,2,3,4,6,11,12
0,1,2,4,6,7,9,10
0,1,2,4,6,7
0,1,2,4,5,7,8,9
0,1,2,3,5
1,2,4,5,6,7,10
0,1,2,3,4,5,6,9,11,14
0,1,2,3,5,8,11,12,13
0,1,2,3,8,12,13
0,1,2,4,6,8
0,1,2,4,7
0,1,2,4,6,7,9
0,1,2,3,8,9
0,1,4,5,6,8,9
0,2,4,6,7,11,12
3,4,7,9
0,1,2,6
0,1,3,5,8,10
0,1,2,4,5,7
0,1,2,3,7,9
0,1,2,5,7,8
0,1,4,6,7
0,1,2,3,4,7,8,9
0,1,4,6,7
0,1,2,5,9
0,1,2,6,7,8,9,12
0,1,2,7,9
0,3,4,7,8,9,14
0,1,2,4,7,8
0,1,2,6
0,1,2,6,13
0,1,2,6,9
0,2,3,6,13
0,1,2,4,5,7,8,9
0,1,2,4,7
0,1,2,3,5,6,8,9
0,1,2,6,12
0,1,2,7,8
0,1,3,5,11,12
0,1,5,12
0,1,3,4,6,7,12
0,1,2,4,5,6,7,8,13
0,1,2,3,6,7,12
0,1,2,4,5,8,9
0,1,3
0,1,2,4
0,2,4,6,7,8
1,5,6,8,12,13
0,1,2,7
0,1,2,4,6
0,2,3,4,5,7,8
0,1,3,7
1,3,5,8
2,3,4,7,9,11
0,1,2,3,4,5,7,8
0,1,2,4,7,12
0,1,2,3,4,6
0,1,2,3,4,6,7,9,11
0,3,9
0,1,2,3,5,8
0,1,2,3,6,11,12
0,1,2,4,7
0,1,4,7
0,1,2,4,6
0,1,3,12
0,1,2,4,5,6,7,8,9,13
1,2,7,13
0,1,2,4,5,6,7
0,1,3,6,8
0,4,6,7,9
0,1,2,5,6,8,13
0,1,2,4,7
0,1,7,9,13
0,2,3,5,10
0,1,3,6,8
0,1,2,3,4,5,7,9
0,1,2,7,9
0,1,2,3,4,5,6,8
0,1,2,6
1,2,6
0,1,3,4,5,7,8
0,1,2,3,4
0,1,2,3,6
0,2,5,6,8,13
0,1,2,3,6,7,8,13
0,1,2,3,4,6,9,10
0,1,2,8
0,1,2,4,5,7,9
0,1,2,7,12
0,1,2,4,7,10
0,1,2,8,9
0,1,2,4,7
0,1,2,3,5,6,8,11
0,3,7
0,1,2,9
0,1,2,3,6,7,9
0,1,2,5,6,7,8,9,14
0,1,2,3,6,11,12
0,1,2,3,6,7,8,9
0,1,2,3,5,7,8,9,12
0,1,2,4,5,6,7,8,9,10
0,1,2,7,9,11,12
0,1,4
0,1,2,4,5,6,8
0,1,2,4,6,9,13
1,2,6,7,8,9,14
0,2,4,6
0,1,2,3,4,7,8,9
0,1,3,5,8,11
1,2,3,4,6,9
0,1,3,5,6,8,9,13
0,1,2,5,6
0,1,2,3,4,7,8
1,9
0,1,2,6,7,8,12
0,1,2,4,5,8,9
0,1,2,3,4
0,1,2,4,5,6,8,9,14
0,1,2,4,5,7,9,10,13
0,1,2,3,6,8,11
0,1,2,3,5,7
0,1,2,3,6
0,1,2,4,8
0,1,2,3,4,5,8,9
0,1,4,8
0,1,2,3,4,7,8
0,1,2,3,4,6,9
0,1,2,3,4,6,8,9
0,2,4
0,1,2,7,9
0,1,2,4,6,9
0,1,4,6,7
0,1,2,4,9
0,1,2,5,6,7,8,9
0,1,2,4,6,7,9,12
0,2,4,6,11
0,1,2,3,4,6,7,8,9,10,14
0,1,2,3,5,6,11,12
0,1,2,4,7,8
0,2,5,6,7,10
0,1,2,6,8,9,10,12
0,1,2,3,6,7,8,12
0,1,3,4,7,8,9
0,1,3,4,6,7,11
0,1,2,3,6,12
0,2,3,4,9,11
0,1,2,3,5,7,12
0,1,2,3,4,6,7,9,10,12
0,1,2,3,6,7,8,12
0,1,2,6,7,9,10
0,1,2,3,6,9,10,12,14
0,1,2,4,5,7,10,12
0,1,2,3,4,5,6,8,9,13
0,1,2,4,9
0,1,2,4,8,9
0,3,6,8
0,1,2,5,9,11
0,1,3,4,8,9,10,12
0,1,2,3,9
0,1,2,3,4,7,8,9,11,14
0,1,4,11
0,1,3,4,7,8
0,1,4,5,7,9
0,1,2,6,7,9,14
1,2,3,4,6,12
0,1,5,8
1,2,4,5,8,10,13
0,1,2,3,4,7
0,1,2,5,6
0,1,2,3,4,5,8,9
1,3,4,6,7
0,1,3,4,6,8
0,1,3,4,6,7,9,12
0,1,2,3,4,6,8,13
1,2,4,7,8,9
1,7
0,1,2,3,4,7,9
0,1,2,4
0,1,2,4
0,1,2,4,7
0,1,2,3,4,5,7,8,10
0,1,3,4,6,7,8
0,1,2,3,6,7,8,9,14
0,1,4,6
0,1,2,5,11,12
0,1,2,3,4,6,7
0,1,3,4,7,10,14
0,1,2,4
0,1,2,3,4,7,8
0,1,2,4,6,7
0,1,2,7,8,9
0,1,4,7
0,1,2,4,6,7
0,1,2,5,6,8,11
0,1,2,3,7,9,14
0,1,2,6
0,1,2,5,6,7,14
0,1,2,4,5,7
0,1,3,5,6,13
0,1,6
4,6,7,8
0,1,2,3,9,11
0,1,2,8
0,1,2,3,4,5,6,7,10
0,1,2,5,7,9
0,4,5
0,1,2,4,6,7,9
0,3,4,9
0,1,2,3,4,5,8
0,1,4,6,7,8
0,1,2,3,4,5,6,8,10,12
0,2,4,5
0,1,2,3,4,6,7
0,1,3,4,6,8
0,1,2,5,6,7,14
0,2,3,4
0,4,5,7,8,9
0,1,2,4,5,8,9
0,1,2,3,5,9,11
0,1,2,7
1,2,3,4,6,7,8
0,1,6,7
0,1,2,3,4,8
0,1,2,4,7,9
0,1,2,4,7,8
0,1,3,4,8,11
0,1,3,4,7,8
0,1,2,3,4,6,7,12
0,1,2,3,5,7,8
1,2,3,9
0,1,2,3,4,5,6,7,9
0,1,2,3,9,12
0,1,2,4,6
0,1,2
0,4,5,9
0,1,2,6,8,9,12
0,1,2,3,4,6
0,1,2,3,4,6
0,1,2,3,4,5,7,8,13
0,1,2,5,7,8
0,1,2,4,6,8
0,1,2,4
0,1,2,4,5,8,9
0,1,2,6
0,1,2,4,5,7,8
1,2,4,7
0,1,2,3,4,6,7,9,11,12
0,2,4,6,8,9
0,2,4,9
0,1,2,3,8,12
0,1,2,4,6,8
0,1,2,4,5,12
0,2,4,8,9
0,1,4,5,6,9
0,1,2,3,4
0,1,2,4,6
0,1,2,3,4,6,12
0,1,2,6,10
0,1,2,4,6
0,1,2
0,1,2,3,4,6,9,12
0,1,2,4,5,7,9
0,1,7,8
1,2,3,4,6,7,11
0,1,2,3,4,5,8,9,10
0,1,2,3,5,6,12
0,1,2,3,4,5,7,9,11
0,1,2,3,7,8,9,10
0,1,2,7,8,9
0,1,3,4,7,9
0,2,6
0,1,2,3,4,6
0,1,2,4,6,7,8
0,1,3,6,7
0,2,7,8,9
0,2,6,7,11,12
0,1,2
0,1,2,6,8,9
0,1,5,6
0,1,6
0,1,2,6
0,1,2,6,7,9
0,2,3,4,7,11,12
1,2,3,5,8,9
0,2,4,5,8,9
1,3,4,6,9,14
2,4,9
0,1,2,3,7,8,9
0,1,2,7
0,1,3,4,7,9
0,1,4,5,6,8,12
0,1,2,6,11
0,1,4,6,8,9,10,12,14
0,1,3,4,5,6,8,9
0,1,3,4,6,7,8,9,10,12
0,1,2,4,5,7,9
0,1,3,4,5,7,8,9,14
0,1,2,3,4,6,7,12
0,1,2,5,7,8
0,1,2,7,9,14
0,1,2,7,8,9
0,1,2,3,4,6,7,9
0,1,3,4
0,1,3,7,9,11
0,1,3,4,6,11
0,1,2,4,6,8,9
0,1,2,3,4,6,7,8,12
0,1,2,6,7
0,1,4,5,6,7,8,9,10,12
0,1,2,3,5,7,10
0,1
0,1,2,4,6,7,9,12
0,3,7
0,1,2,3,5,6,7,11
0,1,2,5,9
0,1,3,4,6,8
0,1,2,5,6,7,8,9,10,13
0,1,4,5,8
0,1,7
0,2,3,7,8,9,10
0,1,2,5,8,9
0,1,2,3,6,7,8,9,10,12
0,1,3,4,6,11,12
0,1,2,3,4,6,7,8
0,1,2,3,7,8,11,14
0,1,2,4,7,9
0,1,6,7,8,9
0,1,2,4,6
0,1,3,4,6,7,8
0,1,2,3,6,9
0,1,2,4,6,7
0,1,4,5,9,11,14
1,5,6
0,1,3,4,5,6,7,8,9
0,1,2,3,7,9,10,12
0,1,2,3,5,8,12
1,3,4,6,7,9,12
0,1,3,5,6,7,9
0,1,3,6,11,12
0,1,2,3,4,8
0,1,2,5,6,7,9,12
0,1,2,6,7,9,12
0,2,5,6,7,9
0,1,2,4,6
0,1,2,6
0,1,2
0,1,3,4,11
0,1,2,3,8,9
0,1,2,3,4,6,8,9
0,1,2,3,4,7,11
0,1,2,3,4,9
0,2,6,7
0,1,2,4
0,1,3,5,8
0,1,4,5,8
0,1,2,3,4,6
0,1,4,5,8,9
0,4,5,7,8
0,1,2,3,4,6,7,8
0,1,4,7,8,9
0,2,4,11
0,3,5,6,7,10
0,2,7
0,1,2,5,6,7
1,2,3,4,5,6,7
0,1,2,3,5,6,7,9,10
0,1,6,7
0,1,2,4,6,7
0,1,2,4,5,9
0,1,2,4,6,7
0,1,2,4
0,1,2,3,13
0,1,2,6,8,12
0,2,5,11,13
0,2,3,4,5,6,8,9,10
0,1,3
0,1,2,4,6,7
0,1,2,3,4,9,11,14
0,1,2,4,5,9
0,1,3,4,7,9,10
0,1,2,3,5,8,9
0,1,2,4,6,7
0,1,3,5,6,7,8,9,10
0,2
0,2,5,8,9
0,1,2,4,6,8,9
0,1,2,3,8,14
1,2,3,5,6,8
0,1,2,6,8
0,1,3,5,6,7,8,11
0,1,2,3,5,6
0,1,2,7,9
0,1,2,4,7
0,1,2,3,4,7,9,14
0,1,3,5,6,12
0,1,2,7,11
0,1,2,3,6,8,10
0,3,4,7,9
0,1,3,6,11
0,2,5,7,8
0,1,2,3,4,5,6,7,8,12
0,1,2,6,7
0,2,7,8
0,1,2,9
0,1,3,5,8,12
0,1,2,4,6,7,8,9,10
0,1,3
0,1,2,4,6
0,1,2,4
0,1,2,3,4,9
0,1,2,3,4,10,12
0,1,2,4,5,9
0,1,2,4,5,7
1,2,6,7,9,10
0,2,3,4,6,7,8,10,14
0,1,3,4,6,8,9
3,4,5
0,1,2,4,8
0,1,2,5,6,8,11
0,1,2,5,8
0,2,3,4,9
1,2,3,5,6
0,1,2,3,4,7,9
0,7
0,1,3,5,9,10
0,1,2,4,8,9
0,1,2,3,5,6,8,9
0,1,3,4,5,6,7,8,9,12
0,1,2,3,4,6,7,9
0,1,3,4,9,10
0,2,3,5,6,7,8,12
0,1,2,8,10,12
0,2,7
0,2,3,4
0,1,2,4,5,6,7,9
0,2,4,7,9
1,2,3,4,6,8
0,1,2,3,4,5,11
0,1,2,5,6,7,10,12
0,1,2,4,7
0,1,2,3,5,8
0,1,2,3,4,7,8
0,1,2,7
0,1,3,4,6,8,9,10
0,1,3,4,6,9
0,1,2,3,4,8
0,1,3,4,7,8,9
0,1,3,4,5,6,8,9
0,2,3,7,9
0,1,2,6,7,8,9
0,1,2,4,7,9,11
0,1,2,4,8
0,1,2,3,5,8,11,12,13
0,2,3,4,5,7,9
0,2,4,5,8,9
0,1,2,4,6
0,1,2,5,6,8
0,3,4,5,6
0,1,3,5,6,8
0,1,2,7
0,1,2
0,1,2,3,6
0,1,2,4,6,7,12
0,1,2
0,1,6,9
0,1,2,6,7,8,9,10,14
0,1,2,3,5,6,11,13
0,1,2,3,4,7,9,10
0,1,6,7
0,2,4,5,7
0,1,2,4,6,7,10,13
0,1,3,6,7
0,1,2,4,6,11
0,1,2,3,4,6,9,10,12,14
0,1,3,7,9
0,1,3,5,7,8,9
0,1,2,3,4,6,7,9
0,1,2,5,8
0,1,2,3,5
0,1,2,4,6,9,11
0,3,4,7,11
0,1,2,3,4,5,6,10,12
0,1,6,7,8
0,3,4,9
0,3,6,9,10
0,1,2,4,5,8
0,1,4,7
1,4,9
0,1,2,3,4,8,10
0,1,2,4
0,1,2,3,4,7
0,1,2,3,8,11
0,1,2,3,5,8
0,1,2,3,6,8,11,12
0,1,2,3,5,6,8
0,1,2,3,5,7,8,9
0,1,3,4,5,7,8,9,11
0,1,2,4,6,7
0,1,2,3,4,6,7
0,1,3,4,5,8,9,10
0,1,2,3,5,6,8,9,10,12
0,1,4,9,10,12
0,4,6,7
0,1,2,4,5,12
0,1,2,5,7,10
0,1,2,3,6,7,8,9
0,1,3,9
0,1,2,4,8
0,1,2,6
0,1,2,5,8
0,1,2,3,4,7,8
0,1,2,3,8,11
0,3,13
0,1,2,3,4,6
0,1,3,6,8,11,12,13
0,1,2,3,4,6,8,9
0,1,4,5,6
0,1,6,13
0,2,3,5,7,8,9
0,2,3,5,6,8,11,12
0,1,3,4,7,9
0,1,2,4
0,1,3,5,6,8,11,12
0,1,2,7
0,1,2,4,6,7,9
0,1,3,5,9,13
0,1,6,7
0,1,2,3,5,8,9
0,1,2,3,4,5,7
0,1,2,4,8,9
0,1,2,6
0,1,2,3,8,10
0,2,3,7,9
0,2,4,7,12
0,1,3,5,7,10
0,1,2,3,6,7,8,10,13
0,1,2,3,5,6,8,12
0,4,5
0,1,4,5,6,7,9,13
0,4,6,7,9,11
0,1,2,3,8,11,12
0,1,2,3,4,8,11
0,1,3,6,7
0,1,2,6,7
0,1,3,4,6,7,9,13
0,1,2,3,5,8
0,1,2,4,5,7
0,1,3,4,6,7,11
0,1,2,3,4,5,7,12
0,1,2,3,4,6,7,9
0,1,2,3,7
0,1,2,4,6,7
0,1,2,3,6,7,9,10
0,1,2,4,5,7,8
0,1,2,4,9
0,2,4
0,1,2,3,6,9,14
0,1,2,5,6,9,13
0,1,2,3,4,5,6,12
0,1,2,3,8,9
0,1,2,4,7,8,10,14
0,1,4,6,7
0,1,2,3,4,6,7,8,9
0,1,2,3,6,7,8,9,10
0,1,3,4,7,8,9
0,1,6,9,12
0,1,3,4,6,7,9
0,1,5,6,13
0,1,2,3,4,7,8,9
0,1,2,4,8
0,1,2,3,5,8,10
0,1,2,5,7,8,9
0,1,2,3,4,6,7,9
0,6,7,9
0,1,2,7,8,9
0,1,2,3,4,8,9
0,1,2,6,7,11
0,1,2,4,5,7,8
0,1,2,4,6,7,9,10
0,1,2,3,10
0,1,3,4,6,7,9
0,1,2,3,5,11,12
0,1,2,3,7
0,1,2,9
0,1,2,7,9
0,1,2,3,6,7,9,11
0,2,3,9,10,12
0,1,2,4,6,9,10
0,1,2,3,4,6,7,8,9
0,1,2,4,7,12
0,1,3,6,7,9,11
0,1,2,3,6,7
0,1,2,3,4,8,9,11
0,1,2,5,8,9
0,1,7
0,1,2,7
0,1,2,3,4,5,6,8,9
0,1,2,4,5,9,10,13
0,1,2,4,5,9
1,3,4,6,8,10
0,1,6,8,12
1,2,6,7
0,1,2,4,6,7,10
0,1,2,5
0,1,2,3,5,6,13
0,1,2,4,7,8,9
0,1,2,3,8,11
0,1,2,3,6,8,11,12,13
0,1,2,3,6,7,8,9,12,14
0,1,2,4,5
0,1,4,5,6,10
0,2,4,6
0,1,2,7,9,10
0,1,2,4,7,8,9
0,1,4,7,8
0,1,2,3,4,7,8
0,1,2,5,6
0,1,4,6,9,13
0,1,2,4,7,8
0,1,2,11
0,1,2
0,1,2,3,6,7,9,12
0,2,3,4,5,7,8,10
0,2,4,6,7
0,1,2,7,11
0,1,2,4
0,4,9
0,1,2,5,8,11,12
0,1,2,3,4,8,10
0,1,2,3,5,6,8,12
0,1,2,5
0,1,2,4,6
0,1,2,4,7
0,1,2,7,8,9
0,1,2,3,6,12
0,1,2,3,8,11,12,13
0,2,3,9
0,1,4,6,7
0,1,3,4,10
0,1,2,7,9
0,1,2,3,4,7,9
0,1,6,7
0,1,2,3,5,6,7
0,1,2,3,7
0,1,2,3,4,5,7,9
0,1,2,3,4
0,1,2,3,4,6,8
0,1,4,6,7,12
0,1,4
1,2,3,5,6,7,9,10
0,1,4,6,8,9,10,13
0,6,7
0,1,2,4,7,9
0,1,3,4,7,9,10
0,1,2,4,6
0,1,2,4,7,9
0,1,2,5,9
0,1,2,4,5,8
0,1,2,3,4,5,6,12
0,2,4,7
0,1,2
0,1,3,5,6,8,12
0,1,2,6,9,10
0,1,6,10,13
0,1,3,8
0,1,2,4,5
0,1,2,3,4,5,8,9
0,1,2,4,6,7,8
0,1,4,6,7
0,1,2,3,4,6,9
0,1,2,4,5,7,8,9
1,2,4,7,11
0,1,2,3,4,7,11
0,1,4,6,7
0,2,4,6,7
0,1,2,3,5,6,8,9
1,3,5,6,7,9
0,1,2,3,5,8,12
0,1,2,3,6,7,8,9
0,1,2,4,6,9,11
0,1,2,3,5,8,12
0,1,2,4,7
0,1,4,7
0,2,4,6,7
0,1,3,8,9
0,1,2,6,7
0,1,5,6,7,9,10,12
0,1,3,4,6,8,9
0,3,8
0,1,2,5,6,8,11,12,13
0,1,2,3,6,7,9,11,12
0,1,2,5,6,7,8
0,2,4,7,9
0,1,4,5,6,8,9,14
0,1,2,5,7,8,9
0,1,2,4,5,8,9
0,2,3,5,6,7,8,9
0,1,2,4,7,9,10
0,1,2,4,5,7,8
0,1,2,3,4,7
0,1,4,6,7,8
1,2,3,5,8,9
0,2,3,6,7,8,9
0,1,2,5,6,7,8,9,10,12
0,1,2,4,6,7,9,11,14
0,1,2,4,5,7,9
0,1,2,9
0,1,7
0,1,6,8,10,14
0,2,4,6
0,1,3,4,5,7,11
0,1,2,4,8,9
0,1
0,1,2,3,4,8,9
0,1,2,4,5
0,1,2,5,8
0,1,2,3,4,5,6,8,10
0,1,2,3,4,7,8,9,12,14
0,1,2,3,6,8
0,1,4,5,6,7,8,12
0,1,2,4,5,8,9
0,1,3,4,7,9
0,1,4,5,6,7,8,9,12
0,1,2,3,5,7,8,9,14
0,1,4,5,7,8,9
0,1,2,5,7,8,9
0,1,2,4,7
0,1,2,5,8
0,1,2,13
0,1,2,3,5,6
0,1,2,5,7
0,1,2,4,5,8,9,12
0,1,4,6,7
0,1,2,3,4,5
0,1,3,4,5,7,8
0,1,3,6,7,8
0,1,3,4
0,1,2,3,7,11,12
1,2,4,5,8,9
0,1,4,5,6,7,8,9,11
1,2,3,5,6,13
0,2,3,4
0,1,2,3,11,13
0,1,4,7,8
0,1,2
1,2,3,4,5,6,9
0,1,2,6,8,11,12
0,1,7
0,1,2,3,4,7,8,9
0,1,2,3,4,5,8,9,12
0,1,2,3,5
0,1,2,3,5,6,10,13
0,1,2,4
0,1,3,5,6,11
0,1,7,8
0,1,4,6
0,1,2,3,4,5,6,9,12
0,2,6,9,10
0,1,3,4,5,7,8,9
0,1,2,4,6
0,1,4,6,9,10
0,2
0,1,4,5,6,7,8
0,1,2,3,6,8,9
0,2,3,4,5,8,9,11
0,1,2,7,9
0,1,2,4,7,9,11
0,1,2,3,6,7
0,1,7
0,1,3,4,9
0,1,3,6,10
0,1,2,4,9
0,1,3,4,7,10
0,1,2,7
0,1,2,4,6,7
0,1,4,7,9
0,1,2,4,8
1,2,3,4,5,10
0,1,3,4,6,7,8,9,12,14
0,1,3,4,9
0,1,3,7,10
0,1,4,6,9,12
0,1,2,3,6,8,12
0,1,2,3,4,6,7,8,14
0,1,2,4,6,9
0,1,2,4,6,7
1,4,6,7,11,12
0,1,2,5
0,1,2,3,4,5,6,8,9,12
0,1,2,3,6,8
0,1,3,4,5,9,10,12
0,1,2,3,5,6,7,12
0,1,2,3,4,5,6,7,8
0,1,2,3,6,8,10
0,1,2,3,4,5,6,10
0,1,2,3
0,1,2,4,5,7,8,9
0,1,2,4,6,7
0,1,2,5,8,11
0,1,3,5,7
2,3,4,5,8
0,1,2,3,4,6,7,9
0,1,2,3,11,12
0,1
0,1,6,11,12,13
0,1,4,8
0,1,2,3,5,6,8,12
0,1,3,7,8,9,14
0,1,2,5,6,9
0,1,3,5,6,8,12
0,1,2,7,9,11,12
0,1,2,5,8,13
0,1,8
0,1,2
0,1,3,4,7,9,13
0,2,4,6,7,9
1,2,3,5,6,7,9
0,1,4,7,8
0,1,4,5,7
0,1,2,4,5,8
0,1,3,7,8,10,12,14
0,1,2,3,7,8,9
0,1,2,3,4,9,12
0,1,3,4,6,7,8
0,1,3,6,7
0,1,2,3,4,5,7,8,9
0,1,2,3,5,6,9,13
0,1,2,6,13
0,1,2,3,4,6,8,9,10,12,14
0,1,2,4,7,8
0,1,2,3,4,6,9
0,1,2,4,5,7
0,1,2,4,6,7
0,1,2,3,4,7
0,1,2,7
0,1,3,6,7,8,9
0,1,12
0,1,2,3,4,7,9,12
0,1,2,3,9
0,2,3,4,5,7,8,9,10
1,2,6
0,1,2,3,5,6,7,8
0,2,4,9
0,1,2,4,5
0,1,2,4,7
0,1,4,5,7,9,11
0,1,2
1,6,7,9
0,1,2,3,5,6,12
0,1,2,3,4,5
0,1,2,3,5,8,11,13
0,1,6,9,11
0,1,2,3,5,6,7,8,9
0,1,2,6,11,12
3,4,6,7,9,14
0,1,3,4,5,6,7,8
0,1,2,4,6,9
0,1,2,4,5,6,8
0,1,2,4,5,7,8,9
0,1,2,6,7
0,1,4,5,7
0,1,2,4,7
0,1,2
0,4,8
0,1
0,2,3,4,5,6,7,11,14
0,1,2,3,6
0,1,2,7,9
0,1,2,3,6,8,11,12
0,2,6,7
0,1,2,3,6,8,11
0,1,2,3,4,6,7,8,10
0,1,2,3,5,8
0,1,6
0,1,2,3,5,6,7,8,9,10,12
0,1,5,8,9
0,3,4,7,8
0,1,2,7,8
0,1,5,7
0,1,3,4,6,9
0,1,2,4,5,6,7,8,9
0,1,2,5
0,1,2,4,6
0,1,7,8
0,2,4,5,9
0,1,2,3,5,6,8
0,1,2,3
0,1,2,3,4,8,10
0,1,2,3,5,12
0,1,2,5,6
0,1,2,3,6
0,1,3,4,6,8,9
0,1,2,4,6,12
0,1
0,1,2,3,4,5,6,7
0,1,2,3,4,5,7,8,10
0,1,3,4,6,7,8,14
0,1,2,3,4,5,6,8,10
0,3,4,5,7,9
0,1,2,3,8
0,1,2,4,8,9
0,1,2,5,9
0,1,2,3,4,5,7,9
0,1,2,3,5,8
0,2,4,5,7,8
0,1,2,4,5,6,7,8,10
0,1,4,7,8
0,1,2,3,8,10
0,2,4,5,7,8
0,1,2,4,6,7
0,1,3,4,5,6,11,14
0,1,2,3,4,5,6,7,8,9
0,1,3,11,12,13
0,1,4,5,9
0,1,2,3,8,12
0,3,4,8,9
0,1,6,11
0,1,2,4,9
0,3,4,5,8
0,1,4,6,9,10,12
0,1,3,5,7,8,9
0,1,4
0,1,2,3,5,6,8,11,12
0,1,2,3,5,10,13
0,1,2,3,4,7,13
0,2,5,6,8,11,13
0,1,2,3,4,8,9,10
0,1,2,3,7
0,1,2,6,7
0,1,2,4,6,7,8,11
0,6,9,13
0,1,3,4,6,7,9,12
0,1,2,5,6,7,8,9,10,13
0,1,7
0,1,2,4,5,7,8
0,1,2,3,11
0,1,7
0,2,7
0,1,3,4,7,14
0,1,2,3,5,6,7,8,9,11,14
0,1,2,5,8,11
0,1,2,3,5,7,13
0,1,2,6,8
0,1,3,4,11,12
0,1,4,6,7
0,1,3
1,2,4,7
0,1,2,3,7
0,1,3,4,7
0,1,3,5,8,9,10,12
0,1,2,4,7,8,10
0,1,2,4,5,7,8,9
0,1,3,5
0,1,2,5
0,1,7
0,1,2,3,4,5,7,9
0,2,9
0,1,2,3,6,12
0,1,2,6
0,1,2,8,9,12,14
0,4
0,1,4,7
0,1,2,3,4,6,7,8,10,12
1,2,4,5,6,8,9
0,1,2,3,8,13
0,1,2,6
0,1,2,3,4,7,9,11
0,1,2,3,4,5,6,7,8
0,1,11
4,5
0,1,3
0,1,2,4,5,8,9
0,1,3,4,6,7,9,10
0,1,2,4,6,10,12,14
0,1,2,3,5,8,9
0,1,2,3,6,9,11,12
0,1,2,3,4,9
0,1,2,4,5,10
0,1,2,5,8,9
0,1,3,5,8,13
0,1,2,4,9
0,1,2,5
0,4,6,7,9,12,14
0,1,2,7,8
0,6,9
0,1,2,3,4,8,10,14
0,1,2,4,6,7
0,1,2,3,5,9
0,1,2,3,4,6,7,11
0,2,4,6,7,8,9,12
0,1,4,5,7,8,9,10
1,2,3,4,7,9,11
0,1,2,3,11,12
0,1,2,3,5,8,12
1,3,4,7,8,13
0,1,2,4,6,7,9,12
0,1,2,4,6,8
0,3,4,5,7,8
0,2,3,4,5,8
0,1,2,5,6,8,13
0,1,2,6,7
0,1,3,12
0,1,7,13
0,2,6,7
0,1,2,4
0,1,2,3,5,7,8
0,1,2,3,7,9
0,1,3,4,5,7,8,9
0,2,3,5,7,8,10,12
0,1,3,4,7,9
0,1,2,4,9,12
0,1,2,3,4,6,10,12,14
0,2,3,5,7,14
0,1,2,3,6,8,14
0,1,2,3,4,8,9
0,1,3,4,7,9
0,1,2,5,6,9
0,1,4,5,8
0,1,2,3,6
0,1,6,7,8
0,1,2,3,7,8,11
0,1,3,9
0,1,2,3,7,9
0,1,2,4,6,8
0,1,2,3,5,9,10
0,1,2,3,4,7,9,10
0,1,4,5,9
0,1,2,4,6,7,8
0,1,2,4
0,1,2,5,7
0,1,2,3,4,5,6,7,9,12
0,1,2,8,9
0,1,2,3,5,7,8
0,1,4,6,9,10,14
0,1,3,4,6,7,12
0,1,4,7,9
0,1,4
0,1,2,3,4,6,9
0,1,2,3,5,9
0,1,3,4,5,7,10,13
0,1,2,3,8,9
0,1,2,5,7,9
0,1,2,8,9
0,1,2,6,7
0,1,3,4,8,10
0,1,2,7
0,1,4,6,9
0,1,2,3,4,6,8
0,1,2,3,5,11
0,1,3,4,7,8
0,1,8,9
0,1,2,3,4,6,7,9,11
0,1,2,4,6,7,8,9
0,1,2,5,6,7,8,9,10
0,1,2,3,5,6,11
0,1,7,8,14
0,1,2,3,4,5,6,8,9
0,1,3,4,5,7,9
0,1,2,6
0,1,4,6,7,8
0,1,8,11,13
0,2,3,5,9
0,2,3,5,6,8,12
0,1,6,11,12,13
0,1,2,3,4,9
0,1,2,9
0,1,2,3,6,7,8
0,1,2,3,4,6
2,3,9,10,12
0,1,3,4,6,7,8
0,1,2,3,5,7,9
0,1,2,3,5,8
0,1,5,9
0,9
0,1,2,3,4,7,8,9
0,1,3,4,6,8,9
0,1,2,3,7,9
0,1,2,5,7,8
0,1,2,3,6,7,8
0,1,2,3,4,5,6,7,8,13
0,1,2,5,12
0,1,2,4,5,8
0,1,3,6,7
0,2,3,4,5,7,8
0,5,6,7,8,10
0,1,2,4,7,8
0,1,2,5,6,10,13
0,1,2,3,5,6,7
0,1,2,7,8
0,1,2,5,6,11
0,1,4,7
0,1,2,8,9
0,1,2,4,9
0,1,2,3,6,7,9,11,12
0,1,3,6,7,9
0,1,2,3,4,7,8
0,1,2,4,6,7,8
0,1,2,4,5,7,8
0,1,2,3,4,5,7,8
0,1,4,5,7,8,13
0,1,2,3,4,7,8,9,14
0,1,2,6,14
0,1,2,3,4,6,8
0,1,2,10
0,1,3,5,6,9,12
0,1,2,4,7,9
1,3,6,8,9,12
0,1,2,3,4,6,8,9
0,1,3,4,8,13
0,1,2,4,5,7,8,9
0,1,2,5,6,9,10,12
0,2,3,6,8
0,1,2,5,12
0,1,4,5,6,8,9,11
0,1,3,4,5,8
0,1,2,5,9
0,1,2,3,4,5,7,8
0,1,2,4,7
0,1,2,3,4,8
0,1,2,3,5
0,2,4,5,6,7,8,9
0,1,2,3,5,6,8,11,13
0,1,2,3,5,8,9
0,1,2,4,7,9
1,4
0,1,2,6,8,11,12,13
0,1,2,3,6,8,11,13
0,1,4,5,6,8,11
0,1,2,3,4,6,7,8
0,2,3,6,7,12
0,1,3,4,6,9,10
0,1,3,5,11,13
0,1,4,7,8
1,2,4,7,8
0,1,2,3,8,10
0,1,2,4,6,9,11,12
0,1,2,3,5,7,8,9
0,3,5,6,8
0,4
0,1,2,3,11,12
0,1,5,9
0,1,2,3,6,8,9,10,12
0,1,2,3,4,6,11
0,2,4,6,7
0,1,2,4,7
0,1,2,3,4,6,8,9,10
0,1,2,4,7
0,1,2,3,4
0,1,2,3,4,7,11
0,2,3,5,7,9,12
0,1,2,7
0,1,2,3,4,6,9,11,14
0,3,4,6,7
0,1,2,3,5,6,7,8,9,10,13
0,1,2,4,5,8,9
0,5,8
0,1,2,4,8,9
0,1,6
0,1,2,4,6
0,1,2,3,6,7,11,12
0,1,2,3,6,9,11,12
0,2,3,6,7,9,10
0,3,9,11
0,1,2,7
0,1,2,5,7,9
0,1,2,3,5
0,1,2,4,9
0,2,3,7,9
0,2,4,5,6,7,8
0,2,6,7
0,1,2,3,9,11
0,1,4,6
0,1,2,3,4,7,9
0,1,4,9
0,1,2,3,4,6,9,10
0,1,2,3
1,2,4,5,7,8,9,12
0,1,2,3,5,12
0,1,2,3,5,6,7,8,9
0,1,2,3,4
0,1,2,4,9
0,1,3,11
0,1,6,7,8,11,14
0,1,2,3,4,5,7,8
0,1,2,3,5,6,8,11,12,13
0,1,6,7
0,1,3,8,11,12
0,1,2,4,5,9
0,1,4,7,8,9,11
0,1,2,10,13
0,1,3,4,6,7
0,4,9
0,1,2,3,4,8,9
1,2,3,6,8,9,10,14
0,1,2,3,6,8,9
0,2,4,7,9
1,2,6,7
0,1,2,3,4,6,7,9
0,1,2,4,6
0,1,4,6,8
0,1,2,4,5,6,8,9,11
0,1,2,4,5,7
0,1,2,7
0,1,3,4,8
0,2,3,4,5,6,10
0,1,4,5,6,10,12
0,1,2,4,7,8
0,1,2,3,12
0,2,7,9,11,12
0,1,2,5,7,8,9,12
0,1,2,3,5,7,9
0,2,3,5
0,1,2,4,6,7
0,1,2,3,4,6,7,9,12
0,1,5,6
0,1,2,3
0,1,3,4,5,9,10
0,1,2,3,5,7
0,1,2,3,7,8,9,10
0,1,2,4,8,10,12
0,1,4
0,1,2,3,4,5,6,8,9
0,1,5,6,8,11,12,13
0,1,2,5,6,8,10
0,1,2,3,4,6,7,8
0,2,7,11
0,1,2,5,8
0,1,2,4,5,7,8,9
0,4,6,8
0,2,3,4,6
0,1,2,5,8,11,12
0,2,3,9
0,1,2,3,5,6
0,2,3,5,11,12
0,1,2,4,5,6,8,9
0,1,2,6
0,1,3,4,7
0,2,3,4,6,7,8
0,2,5,6,11
0,1,2,6,14
0,1,2,3,6,7,9,10
0,1,2,6,13
0,1,3,5,6,8,12
0,1,2,5,9
0,1,4,5,9
0,1,2,3,4
0,1,2,3,4,6,7,9
0,1,2,3,6,9
1,2,7,11,12
0,1,2,4,5,6,7,13
0,1,4,6
0,1,2,5,6,7,8,9,10
0,3,4,9
1,2,3,6,7,8,9
0,1,2,3,4,6,7
0,1,2,3,11,13
0,1,2,3,4,6,7,8,10
0,1,4,5,8
0,1,2,3,4,5,7,8,9
0,2,3,4,7,8,9,11,14
0,1,6
0,1,2,4,5,7,8,9
0,1,2,3,4,5,14
1,2,4,6,7,14
0,1,2,3,4,6,8,14
0,2,3,7,8,9,10
0,1,2,3,4,5,7,8,9
0,1,2,4,6,9,10
0,1,2,4,5,6,7,8,10,12
0,1,4,5,6,7
1,2,4,6,7
0,1,2,4,8,9
0,2,4,6,7
0,1,2,6
0,1,2,3,6
0,1,2,7,8
0,1,2,5,7,8,9,11,14
0,1,4,5,8
0,1,2,4,6
0,1,2,3,6,7,8,10
0,1,5,8,11,12
0,4,7,10
0,1,9
0,1,2,3,4,7,8,10
0,1,2,3,9,11
0,1,2,4,5
0,1,2,3,4
0,4,5,7,8
0,1,2,4,8
0,1,2,5,6
0,1,4
0,1,4,7,8
0,1,3,5,6,7,8,9,11
0,1,6,9
0,1,4,5,7
0,1,2,4,7,8,12
0,1,2,3,6,8
0,1,3,6,7
0,1,2,3,4,6,7,11
0,1,3,7,8,9,10
0,1,2,12
0,1,2,3,4,7,9,12
0,1,2,3,4,6,7
0,1,2,3,4,7,8,9
0,1,4,5,6,7,9,13
0,1,2,3,5,6,8,11
0,3,4,7,8,9,10,12,14
0,1,2,3,4,5,9
0,1,3,4,11,12
0,1,2,3,6,7,9
0,2,3,4,6,9,11,12
0,1,2,6,7,9
0,1,2,4,6,7,9,10,12
0,1,4,7
0,1,2,3,4,6,8,9,10,12
0,1,2,4,7,8
0,1,2,4,6,8,9
0,1,2,3,4,8,9
0,1,2,5,6
1,3,7
0,1,4,8,9
1
0,1,2,5
0,1,2,7
0,1,2,6,7
0,1,2,3,4,5,6,7,8,9,10,13
0,1,2,4,7,9
0,1,2,3,6,7
0,1,2,4,7,9
0,2,4,6,8,9
0,1,2,8
1,2,7
0,2,6
0,1,2,6,7,8,10,12
0,1,2,5,7
0,1,2,3,7,8,10
0,1,2,4,7
0,1,5,9
0,2,4,7,8
0,2,4,7
0,1,2,3,4,6,7
0,1,6,7
0,1,2,6,8,9,10
1,3,4,12
0,1,4,6,7
0,1,4,5,6,7,8,9
0,1,2,3,4,6,7,9
0,1,3,4,6,7
0,1,2,4,5,6,8
0,1,5,8,9
0,1,3
0,1,2,6,10
0,1,2,3,5,9
0,1,3,6,8,14
0,1,6,12,13
0,1,3,5,7,8,9,14
0,1,5,6,7,9,12
0,1,2,4,5,8,12
0,1,2,5,6,11,14
0,5,7,8
0,1,6,7,9
0,1,2,6
0,1,8
0,1,2,5,7,8
0,1,4,7,8,9,10,14
0,1,3,4,7,8
0,2,3,4,6,8,9
0,1,3,4,6,7,9
0,1,2,6,7,9
0,2,4,8
2,3,7,8,9,12
0,1,3,9
0,1,3,11
0,1,4,9
0,1,4,6,7,9
0,1,4,5,7,9
0,2,3,4,7,8,9
0,1,3,9
0,1,3,4,6,8,9,10,12
0,1,2,3,4,5,7,8,14
0,1,3,5,6,8,11
0,1,3,5,6,8,11
0,1,2,8
0,1,2,5,8,12
0,1,2,4,5,7,8
0,1,5,13
0,7,8
0,1,2,4,7,8
1,5,7,9
0,1,2,3,4,6,7,9,11
0,1,4
0,1,2,3,4,9
0,1,8
0,1,2,3,5,10,13
0,1,2,4,7
0,1,3,5,7
0,1,7,9
0,1,4,5,8,12
0,1,2,4,8,9
1,4,5,6,7,8,11
0,1,2,3,5,12
0,1,6,7
0,1,2,7
0,1,2,5,7,9
0,5,7,9
0,2,3,4,7,8
0,1,2,3,8
0,2,3,4,6,7
0,2,6,7,8,10
0,1,2,5,6,7,8,12
0,1,2,3,4,6,7,8,9
0,2,3,4,7
0,1,2,4,5,6,8,14
0,1,3,4,5,6,7,9,10,13
0,1,2,9
0,1,2,5,8,9
0,2,3,5,6,8,9
0,1,2,6,7
0,1,5,9
0,1,3,4
0,5,11,12,13
0,2,4,5,6,8
0,2,3,5,7,8,9,11
0,1,2,3,4,8
0,1,2,4,5,7,8
0,1,2,4,5,6,7,8,9
0,2,7,8,9,11
0,1,5,11,14
0,5,9,11
0,1,4,8,9
0,1,2,5,8
0,1,2,4
0,1,2,4,5,8
0,1,2,6,12
0,1,2,4
1,2,4,5,7,8
1,2,6,7,9,11,12
0,1,2,4,5,6,8,10
1,2,3,4,9
0,1,2,3,5,6,8
0,1,2,4,5,6,9
0,1,3,8,12
0,1,2,6
1,4,7
0,1,4,5,7,8,9
0,1,2,3,6,7,11
0,1,3,4,6,7,8,12
0,1,2,4
0,3,4,6,9,11,12
0,1
0,1,7
0,1,2,3,6,7,8
0,1,2,5,7
0,1,2,5,6
0,1,2,6,7
0,1,2,3,7,9
0,1,2,5,7
0,1,2,4
0,2,5,7,8,9
0,1,2,3,4,8,12
0,1,2,5,7,8,9
0,1,2,3,6,13
0,1,2,4,7,8,9
0,1,2,4,6,7
0,1,2,3,6,11
0,1,3,4,5,6,7,9,11,14
0,1,7
0,1,2,4,7
0,1,2,6,7
0,1,2,5,7,8,10
0,1,2,4,8,9
1,3,4,7,11
0,1,3,6,7,8,9,12
0,1,2,3,9
0,1,3,5,6,8,10,12
0,1,2,5,6,11
0,2,6
0,1,2,3,9,10
0,1,2,9,11
0,1,2,3,4,5,6,7,11
0,1,11,12
0,1,2,3,7,8,9,10,12,14
0,4
0,1,3,4,6,7,8,10
0,1,2,4,5,9
0,1,3,4,7
0,1,2,3,4,6,9
0,1,2,3,5,8,13
0,1,2,4
0,1,2,5,7,8,9
0,1,2,3,5,6,7,8
0,1,2,6,7,8,11
0,1,2,3,4,5,7
0,1,2,7,9,11,12
0,1,2,4,6,7,9
0,2,3,4,5,7,8,9,10
0,1,2,3,5,6,7,11
0,1,2,3,4,9,11,12
0,1,3,5,6,7,8,9
0,1,2,6,11,12
1,4,5,6,7
2,3,9
1,4,7,8,9
0,1,2,5,6,7,8,10,13
0,1,2,3,4,5,7,9
0,1,2,3,5,6,8,9,12
0,1,2,3,4,5,6,7,9
0,1,2,6,7
0,2,3,8
0,1,2,3,4,6,7,8
1,2,3,4,5,7
0,1,2,4
0,1,2,7
0,2,4,7,8,10
0,1,2,3,9
0,1,3,5,8,9,10
0,1,2,4,8,9
0,1,2,4,5,7,8
0,1,2,4,5,8
0,2,6
0,1,3,4,5,8,9,11
0,1,2,3,6,7,9
0,1,2,5,7,8
0,1,3,4,7,9
0,1,2,3,4,11
0,1,2,6,7,8,10
1,2,3,6,7,9
0,1,2,4,5,7,8,9,10
0,1,2,4,6,8,9
1,2,3,6,8,9
0,3,4,6,9
0,1,2,3,6,7,8,12
0,1,2,4
1,4,7
1,2,6,7
0,1,2,3,4,6,11,12
0,2,4,5
0,1,2,6
0,1,2
0,1,2,3,6,8,13
0,1,2,4,5,6,7,8
0,1,3,4,7,12
0,1,5,7,8
0,1,4
0,1,2,5,8,9
0,1,2,4,5,9
1,2,3,4,5,6,8,9,10
0,1,2,3,5,6,7,9
0,1,4,7,8
0,1,2,3,9,11
0,1,2,9
0,1,2,3,4,5,6,7,8,9,12
0,1,2,4,6,9
0,1,3,4,7
0,1,2,3,4,6,7,9,14
0,1,3,6,7,9
0,1,3,4,6,10
0,1,2,3,4
0,1,2,4,5,8,9
0,1,4,5,6,7,11,14
0,1,3,4,7,9
0,1,3,6,7
0,1,4,7,8,9
0,1,2,4,5,9
0,1,2,4,8,9
0,1,2,7
0,1,2,7
0,1,2,4,7,10,12
0,1,2,3,7,12
0,1,2,7,9,11,14
0,1,2,3,4,6,7,9,12
0,1,2,4,7,11
0,1,2,5
0,1,2,3,5,8
0,1,4,5,6,7,10
0,1,2,4,5,8
0,1,4,9,12
0,1,3,12
0,1,2,3,7,9
0,1,3,6,8,11
0,2,3,4,6,9
1,3,4,5,8
0,1,2,5,7,9
0,1,2,3,6,9,14
0,1,2,4,5,6,7,8,9,12
0,5
0,1,2,3,4,7
0,1,2,6,7
0,1,4,7,9,11
0,1,2,3,4,8
0,1,2,3,4,6,7,8,9
0,1,2,3,4,5,6,10
0,1,2,3,8,11,12,13
0,1,6,7,8,11
0,1,4,6
0,1,2,7,11,12
0,1,2,5,6,12
0,1,2,3,4,7,9,11,12
0,2,3,5,8,11,12,13
0,1,9
0,1,2,3,5,6,8,11,13
0,1,2,6,11
0,1,2,3,5,12
0,1,2,4,7,8
0,1,2,3,8,11,12
0,1,3,5,8,9
0,1,2,3,5,8,12,13
0,1,2,6
0,2,5
1,4,7
0,1,2,3,4,7
0,1,2,3,4,6
0,1,2,3,4,6,8,9
0,1,2,3,4,5,7,9,12
1,3,6,8,10,12
0,1,2,3,7,8,10
0,1,2,6
0,1,2,6
0,1,2,7
0,1,2,3,8,11
0,1,2,4,5,6,7,8
0,1,2,4,5,12
0,2,4,9,12
0,1,2,3,4,6,7,10
0,2,3,5,8,10
0,1,3,4,6,7
0,1,3,4,8,9
0,1,2,3,5,7
0,3,4,6,7,10,13
0,1,3,6,7,8,12
0,1,2,4,5,7,8
0,1,2,3,6
0,1,2,4,7
0,1,2,5,6
0,1,2,3,5,6,9,10
0,1,2,4,5,7,8,9
0,1,2,3,4,6,9
0,2,7,8
0,1,2,4,6,7
0,1,2,5,6,8
0,1,4,7
0,1,2,4,5,7,9
0,1,3,5,8,10
0,1,2,3,5,6
0,1,2,6,9,12
0,1,2,5,6,13
0,1,2,5,6,8,9,10
0,1,3
0,1,2,3,9,12
0,1,2,5,9,10,12
0,1,7,11,12
0,1,3,4,5,7,8,9
0,1,3,4,5,7,9,10
0,1,2,3,4,9
0,1,2,3,4,6,7,9
0,1,4,5,8
0,1,2,4,11
0,1,3,4,6
0,1,3,8,10
0,1,4,6,7
0,1,3,7,8,11
0,1,3,4,5,7
0,1,2,3,4,6,7,9
0,1,3,5,8,9,12
0,1,2,3,4,5,8,9
0,1,3,4,5
0,1,9
0,1,2
0,1,2,3,4,8
2,3,4,6,7,8,9,10
0,1,4,5
0,1,4,6,7
0,1,4,6
0,1,2,3,4,5,6,7,9,10
0,1,2,4
0,1,6,7,9
0,1,2,5,7,9
0,1,2,5,6,8,9
0,1,2,3,7,8,9
0,1,2,3,6,7,9
0,1,7
0,1,2,4,7,9
0,1,2,5,8
0,2,9
0,1,3,6,7,9,12
0,2,3,4,9
0,1,4,5
0,1,2,7,8,9,10,12
0,1,2,3,4,6,7,8,9,10,14
0,1,4,5
0,1,3,6,7,9
0,1,4,7
0,1,3,4,5,9
0,1,4,6,8,10
0,1,2,3,4,6,9
0,1,2,3,5,13
0,1,6,7
0,4,7
0,1,2,6,7,9
0,1,2,5,6,7,8,9,10
0,1,2,6
0,1,2,4,5,6,7,13
0,1,2,5,6,11,13
0,1,2,3,4,6,7,12
0,1,2,4,5,8
0,1,2,3,5,8,13
0,1,2,3,4,5,6,7,8,10,12
0,1,2,5,6,7,8,9,10
0,5,6,8,12
0,1,2,6,7,8,10
0,1,3,5,6,8,11
0,1,6
0,1,2,3,5,11
0,1,3,4,5,7,9
0,2,3,4,7,9
1,2,3,6
1,3,4,6,9,11,12
0,1,4,6,8,9,10
0,5,6,8,12,13
0,1,2,3,4,5
0,1,2,4,6,8,9,10
0,1,3,5,8,12
0,1,2,3,5,6,7,8,10,13
0,1,2,3,4,6,7,9,12
0,1,5,7,8
0,1,2,3,4,7,9,14
0,1,5,7,8,9
0,1,4,5,7,8,9,12
0,1,5,6,7,10
0,1,2,4
0,1,3,4,6,7,8
0,2,3,4,7,9,10
0,1,3
0,1,6,8,12
0,1,4,5,10
0,2,3,5,9
0,1,2,3,4,7,11
0,1,2,3,4,5,6,7,8,9,13
0,1,2,7
0,1,2,6,8,10
0,1,2,3,6,9
0,1,4,7,11
0,1,2,3,4,6,7,9,14
0,1,2,3,6,7,10
1,2,3,4,6,9,12
0,1,2,3,8
0,1,4,5,9
0,1,2,4,5,6,7,8,9,10
0,1,2,4,6,7,9
0,1,2,4,7
0,2,3,4,7,12
0,1,2,3,6,8
0,1,2,3,5,6,11
0,1,2,4,7
0,3,5,6,13
0,1,3,4,6,7,8,10,12,14
0,1,3,6,7,9
0,1,5,7,8
0,1,2,6,7,8,12
0,1,2,6,7,8,9,10,14
0,1,2,3,6,8,12
0,1,2,3,5,6,8
0,1,3,4,6,8,9
0,1,2,4
0,1,4,5,9
0,1,2,3,7,8,9
0,1,2,5,7,9,10
1,2,3,7,8,9
0,1,2
0,1,2,3,8,10,12
0,1,2,7,8
0,1,4,5,8,9
0,1,5,7
0,2,6,7,8,9
0,2,5,9
0,1
0,1,2,5,6,9,14
0,1,2,3,13
0,1,2,3,5,6
0,1,2,3,4,6,8,9
0,1,3,6,7,12
0,1,2,3,7,9,10
0,2,3,4,6,7,9
2,6,11
0,1,4,5,7,8,9
0,1,2,4,6,7,11
0,1,3,4,5,6,7,8
0,1,2,3,4,5,7,8,9
2,3,7,9
0,1,3,4,5
0,1,2,3,5
0,2,4
0,1,2,4,5,9
0,1,8,9
0,1,2,4,5,10
0,1,2,3,6,8,12
0,1,2,3,5,8,11
0,1,2,4,6,9
0,1,3,4,6
0,1,4,9
0,1,3,4,7
0,2,4,6,7
0,1,4,9
0,1,3,4,5,7
0,1,2,9
0,1,4,8,10
0,1,2,5,6,10
0,1,2,3,5,6,7,9,12
0,1,2,3
0,1,3,5,7,8,13
0,1,2,7,8
0,1,2,3,5,6,8,10
0,1,3,6,11,13
0,1,3
0,1,2,4
0,1,3,5,6,8
0,1,4,7,9,11
0,2,3,5,8,13
0,1,2,4,9
0,1,2,4,5,8,10,12
0,1,2,4,5,8
0,1,4,6,7
0,1,7
0,1,3,4,6
0,1,2,4,8,9,10
0,2,3,5,6
0,1,3,5,6,7,9,13
0,3,6,11
0,1,3,4,5,6,7,10
0,1,2,3,5,6,8,13
0,1,2,4
0,1,3,4,7,8
0,1,3,5,11
0,1,4,7
0,1,2,3,4,7,8,9,14
0,1,2,3,7,12
0,5,6,8,11
0,1,2,3,4
0,2,4,7
0,4,6,7,9,11,12
0,1,4,6,8,9
0,1,3,5,14
0,1,2,6
0,1,2,4,5,8,9
0,1,2,4,6,7,9
0,1,2,3,4,7,8
0,1,2,3,4,7,8,10
0,1,4,7
0,1,2,3,4,8,9
0,1,4,5,7,8
0,1,2,3,5,7,8,9
0,1,3,4,6,9,12
0,1,3,4,6
0,1,3,4,6,7
0,1,2,3,5,12,13
0,1,2,3,5,6,8
0,1,2,4,7,9
0,1,2,5,6,7,8
0,1,2,4,7
0,1,2,4,7
0,1,2,4,6,7,9
0,1,4,7,9,12
0,1,2,3,4,7,8
0,1,2,4,7
0,2,3,5,6,7,8
0,1,3,4,5,6,7,8,9,12
0,1,2,4,5,7
0,1,3,7,8,9
0,1,2,3,4,5,8,9
0,1,2,3,4,8,9
1,2,4,7
0,1,2,3,6,7
0,1,3,4,7,11
0,1,2,3,7,9,11
0,3,4,5,8
0,1,4,7,10
0,1,3,4,6,7,10
1,2,4,7,8,9
0,1,2,3,4,5,7,8,9
0,1,3,5,6,8,11
0,1,2,3,4,5,6,7,9,11
0,1,2,3,6,8,12
0,1,2,4,8,9
0,1,2,7,8
0,1,4,6,7,14
0,1,3,6,7,8,10,14
0,1,2,3,4,7,8,9,10
0,1,2
0,1,3,4,6,9,12
0,1,2,3,6,8,9
0,1,3,4,7,8,9
0,1,5,6,8,12,13
0,1,3,4,8,9
0,1,2,3,5,6,8,12,13
0,1,4,7
0,1,2,3,8
0,1,3,5,8,11,12,13
0,1,3,4,6,7,9,10,12
0
0,1,5,6,12
0,1,3,5,6,8,12
1,6,11
0,1,2,3,9,11
0,1,2,5,7
0,2,7,9
0,1,2,4
1,2,3,5,7,8
0,2,3,4,6,7,8,10
0,1,4,6,7
0,1,8,9
0,1,2,4,6,7,8,9
0,1,2,5,7,8,9
0,1,3,5,8
0,1,2,3,6,7,10
0,1,7,8
0,1,2,3,6,8,9,10
0,1,3,4,6,7,8,10,12
0,1,3,4,5,7,8
0,1,2,3,4,7,9,10,12,14
0,1,2,4,6,9
0,3,6,7,8,10
0,1,3,4,6,8,14
2,4,5,7
0,1,2,4,7,8,9,13
0,1,3,7,11
1,2,3,8,11,12
0,1,2,6,7,8,10
0,1,3,4,5,8
0,1,2,3,5,8,9
0,1,3,8,14
0,1,6,8,9,12
0,1
0,2,3,4,5,7,8,9
0,1,3,4,5,6,7
0,1,3,5,6,7,8,10
0,1,2,3,6,7,12
0,1,2,5
0,2,3,5,7,9,11,14
0,1,5,13
0,1,2,4,6,7
0,2,3,5,6,7,9
0,1,3,4,5,8,9
0,1,2,3,4,6
0,1,3,5,8,14
0,1,3,4,6,9,12
0,1,2,6,8,9,10
0,1,3,5,8
0,1,2,3,6,11,12
0,1,3,8,13
0,1,2,3,6,11
0,1,2,3,4,8,9
1,4,7
0,1,2,5,13
0,1,2,7,8
0,1,2,3,6,7,8
0,2,3,4,6,8,9,11,14
0,1,4,8
0,2,7,9,12
0,2,4,6
0,1,3,4,6,7,11,12
0,1,2,4,5,8,9,11
0,1,2,3,6,7,8
0,1,2,4,7,9
0,1,2,6,9,12
0,1,2,3,4,7,9,10,12,14
1,2,4,6,7,8
0,1,2,3,4,5,8
0,1,2,3,4,9
0,2,6
0,1,3,4,6,7,8,9,10
0,1,3,4,5,6,9,10
0,1,2,3,4,6
0,1,2,3,6,7
0,1,2,4,6,9,11
0,2,3,4,7,8,9,11
0,2,3,5
0,1,5,10,12
0,1,2,3,6,7,9,11,12
0,1,2,4,6
0,1,2,8,12
0,1,2,5
0,1,2,4,5,7,8
0,1,2,3,5,6,8,12,13
0,1,4,7,8,9
0,1,3,4,6,7,14
0,1,2,7
0,1,2,3,11
0,1,2,4,6
0,1,2,5,7
0,1,4,5,6,12
0,1,2,3,6,13
0,1,2,6,9
0,1,2,3,4
1,2,4,6,7,10
0,1,2,6,14
0,1,2,6,8,9
0,1,3,6
1,3,4,6,7,8,9,12
0,1,5
0,1,2,4,7,8
0,1,5
0,1,2
0,1,3,7
0,1,2,7
0,1,2,5,6,8,11
0,2,3,4,5,6,11
0,1,4,5,6,9,12
0,1,4,5,7,8,9
0,1,2,3,8,9
0,1,2,4,5
1,3,6,7,8,9,10
0,1,2,4,6,7
0,1,2,4,6,14
0,1,4,5,7,8,14
0,1,2,5,6,9,10,12
0,1,3,11
0,1,4,5,9
0,1,4,6,7,8,10
0,1,3,7,8,9
0,1,2,7,9,10,12
0,1,2,4,5,7,10
0,1,2,3,4,5,7,8,9
0,1,2,4,5,6,7,8,13
0,1,2,4,9,14
0,1,2,3,4,6,7,8,10
0,1,2,4,8,9
0,1,2,3,5,6,13
0,1,4,7,9
1,2,3,4,8,9
0,1,2,3,5,6
0,1,4,6
0,1,2,3,5,11,12,13
0,1,4,5,7,8
0,1,2,4,6
0,1,2,4,5,6,7,8,9
0,1,2,5,7,9
0,2,4
0,1,4,7,12,14
0,1,4,7,8,9
0,1,2,4,6,7,9
0,1,4,6
0,1,2,6,8,9,10,12
0,1,6
1,2,4,6,12
0,1,2,3,7,9,10,12
0,2,4,5,8,9
0,1,2,3,6,7,8
0,1,2,3,4,7,9,11,12
0,1,2,3,4,7,11,14
0,1,4,9
0,1,2,5,7,9
1,2,7,8
4,6,7,8
0,1,3,4,6,8
0,1,2,4,6,8
0,1,2,6
0,1,2,3,4,5,8
0,1,2,3,4,5,7,8,9,10
0,1,2,4,7
0,1,3,4,7,9,11
0,2,3,4,7,8,9
0,1,2,3,4,5,6,7,8,10
0,1,5,6,8,13
0,2,3,4,7,9,11,12
0,1,2,6
0,1,2,3,4,6,9,11
0,1,4,6
0,1,2,3,6,9,10,12,14
0,1,3,6,8
1,2,4
0,3,4,5,6,7,9,11
0,1,2,4,5,7,8
0,1,2,3,6,9
0,3,4,5,8,9
0,1,2,3,6,12
1,2,3,6,7,8
0,1,2,4,6,7
0,1,3,4,11,12
0,1,2,8
0,1,2,7
0,1,2,3,4,5,6,7,9,11
0,1,2,6,7,8,11
0,1,3,5,7,8,9,13
0,1,2,5,6,7,8
0,1,2,6,10,12
0,1,2,4,8,9,11
0,1,2,4,7
0,1,2,3,5,6,7
0,1,2,4,8
0,1,2,3,7,8,14
0,1,2,4,6,7
0,1,6,13
0,2,5
0,1,3,13
0,1,2,6,7,9,10
0,1,5,9
0,1,2,5,6,14
0,1,2,3,4,7,8,9
0,1,2,3,4,9
0,2,4,5,8,9,10,13
0,2,3,5,7,8
0,1,8
0,1,2,3,8,14
0,1,3,8,9
0,1,3,7
0,1,6
0,1,2,4,5,9
0,1,2,3,7,8,9,10
0,2,4,5,7,8
0,2,3,4,5,7,9
0,1,2,3,5,8
1,4,6,7,8,9
0,2,4,6,7,9,12
0,1,2,3,8,9
0,1,2,3,5,6,8,9
0,1,2,4,6
0,1,2,3,6,7,8
0,1,2,3,11,12
0,1,2,3,5,6,13
0,1,2,4,6
0,1,2,3,4,7,9,14
0,1,7,12
0,1,2,3,5,6,8
0,1,2,3,4
0,1,2,3,4,6,7,8,9,11,14
0,1,2,7,8,10,14
0,1,2,5,7,9
0,1,2,4,5,7,9
0,1,2,4,10
0,1,2,5,6,11,12
2,3,4,6,7,9,11
0,1,2,7
0,2,5,8
0,1,2,3,4,5
0,1,2,4,6,14
1,2,4,6
0,1,2,7,9
0,1,2,3,5,6,7,8,9
0,1,2,3,8
0,1,2,3,6,7,9
0,1,3,4,7,10
0,1,2,4,5,7,9
0,1,2,6
0,1,3,6,7,9,10
0,1,2,3,4,7,9,12
0,1,2,4,6
0,1,2,3,4,5,6,7,8,9,11
1,2,4,6,7,8,9,12
0,1,2,5,7
0,1,2,3,5,6,7,10
0,1,3,5,6,8,14
0,1,2,3,4,6,11
0,1,2,4
0,1,2,5,6,11,12
0,1,2,4,6,7,8,9
0,1,2,4,5,7,8
0,1,2,4,6
0,1,3
1,2,3,4,6,7,9
0,1,3,6
0,1,2,3,4,6,12
0,1,2,4,5,7,8,9,12
0,2,4
0,1,2,5,7,8,13
0,1,3,4,6,7,8,9
0,2,4,6,7
0,1,5,7,9
0,1,2,3,5,11,12
0,2,3,4,7,8,9,10,12,14
0,1,2,4,5,8,9
0,1,2,3,5,6,7,8,9,10,13
0,1,2,3,4,7,11,14
0,2,6
0,1,2,3,4,6,9,12
0,1,2,3,6,8
0,1,3,4,5,6,9,12
0,1,2,6,7
0,1,2,3,4,5,6,9
0,1,7,8
0,1,3,4,6,7,8
0,1,2,6,7,8
0,1,5,7,8,9
0,2,3,5,9
0,1,2,3,4,7,11,12
0,1,2,3,4,7,8
0,1,2,4,5,8
0,1,2,6,7
0,1,2,3,6,7,8,9
0,4,9
0,1,2,6,8,9,14
0,1
0,1,2,5,6,7,8,9,11
0,1,2,3,4,6,8,9,10
0,1,2,5
0,1,3,4,5,6,7,8,9
0,1,2,3,4,6,7,8,9,10
0,1,4,7
0,1,3,5,7,9
0,1,2,4
4,7,8,14
0,1,2,4,5,7,8,9
0,1,2,4,7,8
0,2,3,4,5
0,1,2,3,6
0,1,2,3,5,6,7,9,10
0,1,2,3,5,6
0,1,3,5,7,9
0,1,2,3,4,6,7,8,9
0,1,2,3,9
0,1,2,5,7,8
0,1,2,4,6,7
0,1,2,3,5,8
0,2,3,7,8,12,14
0,1,2,3,4,6,9
0,1,2,4,7
0,1,3,7
0,1,3,8,9
0,1,3,5,8,11
0,1,2,3,5,6,7,9,10,12
0,1,2,3,5,8,12
0,1,2,6,7
0,1,3,4,6,7,8,9,12
0,1,3,4,5,6
0,1,3,4,6,7,8,9
1,7,8,9
0,1,2,3,4,7,9
1,4,8
0,1,2,3,4
0,1,7,8,9
0,1,2,5,8,9
0,1,3,4,11
0,1,2,3,4,7
0,1,2,3
1,2,3,4,5,9
0,1,2,3,5,6,11
0,1,2,3,5,7
0,1,2,6
0,5,6,9,12
0,1,2,4,6
0,2,3,4,6,8,9,10,12
0,1,2,3,4,7,9,11,12
0,1,2
0,2,3,6,7,9,10
0,1,2,3,8,13
0,1,3,4,6,7
0,1,2,3,4,5,6,8
0,1,2,3,6,7,8,12
1,2,3,4,6,7,8,10
0,1,3,4,5,6,7
0,1,9
1,2,6,7
0,2,3,4,5,7,8,9
0,1,2,3,4,6,7,9
0,1,2,3,4,5,9
0,1,2,3,4,7,9
0,1,2,6,7
0,2,4,6,7,8,9
0,1,2,3,6,10
0,1,5,8,11,13
0,1,2,3,6
0,1,5,7,8,9
0,1,2,3,4,6,7,11
0,1,2,3,4,5,7,8,9,10
0,1
0,1,4,5,7
0,1,2,3,7,11
0,1,3,5,6,11
0,1,2,5,6
0,1,2,3,4,6,7,9
0,1,2,4,6
0,1,2,6,7,12,14
0,1,5,8,9
0,1,2,3,4,5,6,7,8,9,11,14
0,1,9
0,1,2,3,4,8
0,1,2,5,9
0,1,2,7,10
0,1,2,7
1,2,6,7
0,1,2,4,7,8
0,1,3,4,6,10,12
0,1,2,3,6,7
0,1,2,3,5,6
0,1,2,3,4,6,7,8
0,1,2,5,8,11,12
0,1,2,3,5,6,8,13
0,1,2,6
0,1,5,9
0,1,4,7
0,1,2,7,9,11
0,1,4,8,9
0,1,2,5
0,1,8,13
1,3,4,8,10,12
0,1,2,4,7,8,14
1,3,5,6,8,9,11
0,1,2,5,6,8,11
0,1,2,8,14
0,1,2,3,4,5,8
0,1,7,12
0,1,2,6
0,1,2,4,6,7,9
0,1,2,3,6,8,13
0,1,3,5,6,8,10,13
0,1,2,4,7
0,1,3,4,6,10,12
0,1,2,4,7,8,9
0,1,3,4,5,7
0,2,3,4,8,14
0,1,2,3,5,6
0,2,3,7
0,1,3,4,7,8,9,14
0,1,4,7,8,9
0,1,2,4,5,9
0,1,2,4,7
0,8,11
0,1,2,5,6,7,8
0,1,2,3,4,7
0,1,2,4,5,7,8
1,2,4,5,6,8,9,14
0,8
0,1,2,3,4,7,9
0,1,6,7
1,2,4,5,7,8
0,3,4,6,9
0,1,2,3,4,7,8,12
0,1,4,6,7,9
0,1,2,4,6,7
0,1,2,4,5,10
0,1,2,4,6,7,9
0,1,4
0,1,2,4,6,7,9,10,12
0,2,3,4,6,7,9,12
0,1,2,4,8,9
0,1,7,8,9
0,1,4,6,7,8,9,10
0,1,8,9
0,1,2,6,7,8,9,10
0,1,2,3,4,7,8
0,1,2,3,6,7,8,14
0,1,3,4,6,7,10
0,1,2,3,6,7,9,10,12
0,1,2,4,7,9
1,3,4,5,6,7
0,2,4,5,8,9
0,1,3,4,6
0,1,2,4,5,6,8,9
0,1,2,3
0,1,3,4,5,9
0,1,2,4,5,7,9
0,2,4,5,6,7,10
0,2,3,6,11,12
0,1,2,3,4,6,8,9,10
0,1,5
0,1,2,4,7,9
0,2,3,4,6,7,14
0,1,2,4,5
0,1,3,4,6,8,10
0,1,4,5,9
0,1,2,3,4,5
0,2,3,4,6,7,9
0,1,2,6,7
0,1,7,9
0,1,2,3,8
0,1,2,3,6,7,11
0,1,2,3,6,7,8,12
0,1,2,3,4,5,6,10
0,1,2,3,4,6,7,9,12
0,1,2,3,6,8,13
0,1,2,3,4,5,9
0,1,3,5,6,7,8
0,1,2,4,6
0,1,2,4,5,6,9
0,1,2,3,4,5,7,8
0,1,3,4,5
0,1,2,3,5,6,7,10
0,9
0,1,2,8,9,10,12
0,1,3,6,8,11
0,1,2
0,1,2
0,1,3,4,9
0,1,2,4,7,8,9
0,2,4,7,8,9
0,1,2,7,8,10
0,1,2
0,2,4,7,8,9,12
0,1,2,4,12
0,1,4,6,7,9
0,1,2,6,7,9
0,1,2,3,5,8,9
0,1,2,3,4,7,11
0,1,3,5,8,11,12
0,1,4,5,7,9
0,1,2,3,12
0,2,3,7,9
0,1,2,3,4,7,12
0,1,4
0,1,2,4,5,8
0,1,7
0,1,3,4,8,9,13
0,1,3,4,5,6,7,9
0,1,2,3,4,11
0,1,3,4,5,9
0,1,2,4,6,7
0,1,3,4,6,11
0,1,2,5,6,11
0,2,6,7,9,10
0,1,2,4,13
0,1,2,3,5
0,1,2,4
0,1,2,4,7,9
0,1,4,7,9,10
0,1,8,11,13
0,1,6,8
0,1,3,5,6,8,13
0,1,2,7,9
0,1,2,3,5,7
0,1,2,5,6,7,10
0,1,2,6,11,12
0,5,7,9
0,1,3,4,7
0,1,2,3,9
0,2,3,5,6,8,11,12,13
0,1,2,3,6,13
0,1,3,4,6,7,8
0,2,4,7
0,1,2,5,7,9,12
0,1,4,6
0,1,2
0,1,2,3
0,1,2,5,9
0,1,4,6,7,8,9
0,1,2,3,4,7
0,1,2,3,5,6,9,10
0,1,2,4,6,9
0,1,2,3,4,5,7,8
0,1,2,3,4,8,9
0,1,3,4,5,6,7,8,9,13
0,2,3,4,5,9
0,1,3,5,13
0,1,6,7
0,1,2,6,7,8,9,11
0,1,3,6,7,9,10,12,14
0,1,2,3,4,9
0,1,2,3,4,6,7
0,1,2,4,5,6,7,8
0,1,2,4,9,14
0,1,2,5,6,7,8,9,11,14
0,1,2,7
0,1,4
0,1,2,3,5
0,1,2,3,5,7
0,1,2,4
0,1,2,3,4,6,11,12
0,1,3,4,5,7
1,2,6
0,1,2,5,7,8
0,1,2,4,5,6,7,8
0,1,2,3,4,5,8
0,1,3,11,12
0,1,2,5,7
0,1,2,8,9
0,4,9
1,2,4,7
0,1,2,5,7
0,1,7
1,3,4,6,7,9,10,14
0,1,3,4,5,6,8,10
0,1,2,6,11,12
0,1,2,3,4,9
0,1,2,4
0,4
0,1,5,7,8,9
0,1,2,5,6
0,1,3,7,11,12
0,2,3,5,6,10
0,1,2,3,4,7,8,9
4,6,7
0,1,2,4,6,7,9
0,1,2,4
0,2,7,9
0,1,2,8
0,1,2,5,8
0,1,2,4,5,6
0,1,2,3,9,14
0,1,2,4,9,13
0,1,2,3,5,6,7,9,10
0,1,2,4,6,7,11,14
0,1,2,4
0,1,2,3,5,6,11
1,3,5,9,10
0,1,2,4,9,12
0,1,2,3,6,7,8
0,2
0,1,2,3,8,12,13
0,1,2,3,4,6,7,9
0,1,2
0,1,2,3,4,5,6,8,14
0,1,4,6,11
0,1,2,3,5,7,8,9
0,1,3,6,7,8
0,1,2,3,5,7,8,9,11,14
0,1,8,9
0,1,2,3,4,5,6,7,10,13
0,1,2,5,7,8
0,1,2,3,4,6,11
0,1,2,3,5,6,7,8
0,1,2,3,4,5,6,7,8,9
2,5,6,7,8,9
0,1,2,4,5,8
0,2,3,4,5,6,7,8
0,1,2,5
0,1,2,4,6,7,8,9,10
0,1,2,3,9,10
0,4,5,7,8
0,1,2,3,8,11,12
0,1,2,4,8
0,1,2,3,5,7,8
0,2,3,4,7,9
0,2,3,5,6,7,8,9,10
0,1,2,3,7,8,14
0,1,2,4,8
0,1,2,3,4,7,11
0,1,2,3,5
0,1,2,3,4,5,7,8
0,1,4,5
0,1,2,3,5,6,7,14
0,1,4,5,6,7,10,13
0,1,2,3,4,5,7
0,1,2,3,6,7,8,9
0,1,3,8,9
0,1,2,4,5,7,8
0,1,4,5,7,8,9
0,2,4,7
0,1,2,3,4,6,9,12
0,1,2,3,6,8,9
0,1,2,4,7,8
1,4,6,7,9,11,12
0,1,3,4,6,7,9
0,1,2,3,6,8,11
0,8,9,12,14
0,1,2,4,8
0,1
1,2,4
0,1,2,3,4,5,6,7
0,3,4,5,6,7,11
0,2,4,6,8,9
0,1,2,3,6,7,8,14
0,2,4,5,7,9
0,1,2,3,4,7,9,10
0,1,3
0,1,4,6
0,1,2,4,6,12
0,1,2,3,4,6,7,9
0,1,2,4,5,7,9
0,1,3,4,7,9
0,1,2,4,11,12
0,1,2,3,4,9
0,1,2,4
0,2,4,6,7,9
0,1,4,5,8
0,1,2,3,8
0,1,2,3,6
0,1,2,4
0,1,2,3,4,6,7,8,12
0,1,2,3,6,9,11,14
0,1,2,4,6,9
0,1,2,3,4,9,12
0,1,2,4,6,8,9
0,1,2,3,6,7,8,9
0,2,6,7,8
1,2,6,12
0,1,3,4,8,10,13
0,1,2,4,9
0,1,2,6,7,12
0,1,2,4
0,1,2,3,4,7
0,1,6,7,8
0,1,2,4,7
0,1,3,4
0,1,2,7
0
0,1,2,4,5,7,8
0,1,5,13
0,1,4,6,7,8
0,1,3,4,6,7,8,10
0,1,2,4,8,9,13
0,1,2,4,6
0,1,4
0,1,2,4,8,9
0,1,3,7,8,9
0,1,2,3,4,6,7,10
1,2,3,5,6,8,10
0,1,2,3,7,13
1,2,3,4,6,7,9,10
0,1,2,3,4,5,6,7,8,11
0,1,2,4,6,7,9,10,14
0,1,4,8,9
0,1,2,3,4,6,8,9
0,1,2,5,7,8,9
0,1,4,5,9,10,13
0,1,2,3,5,8
0,1,2,3,4,5,7,9
0,1,2,3,4,11,12
0,1,4,6,7,8,9
0,2,7,8,9
2,4,6,8,9,11,14
0,1,3,4,6,7,9,12
0,1,2,4,5,8,12
0,1,2,3,4,7,8,9
0,1,2,3,5,6,11
0,1,2,3,6,10
0,1,2,3,4,7,9
0,1,2,3,4,6
0,2,3,5,7,8
0,2,4,5,9
0,2,4,9
0,1,3,4,6,8,9
0,1,2,4,6,10
0,1,4,7,8,12,14
0,1,2,3,4
0,1,2,4,7,8
0,1,2,4,6,7
1,2,4,6,7
0,1,4,5
0,1,2,3,6,12,13
0,1,2,3,9,13
0,2,3,4,8,9
0,1,2,4,5,7,9
0,2,3,5,8,11
0,1,6,7
0,1,3,8
1,2,3,7
0,1,2,3,4,6,8,10
0,1,4,5,7,8,9,14
0,1,7,8
0,1,5,6,7,14
0,1,2,4,6,8
0,1,2
0,1,3,5,6,8,12,13
0,2,3,4,6,7,8,9
1,5,7
0,1,2,7,9,11,12
0,1,2,4,6
0,1,4,5,8
0,1,2,3,5,7,8
0,1,3,4,10
1,7
0,2,4,5,6,7,11
0,1,3,7,9,13
0,1,2,6,7
0,1,2,4,7,12
0,1,2,3,4,5,7,9,11
0,1,2,6,9,10,13
0,1,3,4,5,6,7,8,9,13
0,1,2,3,6,7,8,10,14
0,1,2,4
0,1,2,5,6,13
0,1,2,3,4,5,6,9,10
0,1,3,7,8
0,1,2,3,4,6,7,9
0,1,4,6
0,1,2,6,8,13
0,1,4,8,9
0,1,2,4,6,7
0,1,2,3,4,7,8
0,1,2,3,5,6,11,12
0,1,2,3,5,8,12,13
0,1,3,4,6,7
0,1,2,4,9
0,1,2,4,8
0,1,2,4,5,8
0,1,3,6,9
0,2,4,6,7,8,9,11,14
0,1,2,4,7,9
0,1,2,5,6,11
0,2,3,6,7
0,1,4,6,7
0,1,2,7
0,1,2,3,5,7,8,9
0,1,2,7
0,2,8,11
0,1,2,4,5,7
0,1,2,3,6,8,9
0,1,2,3,4,6,7
0,1,3,5,7,8,9
0,1,2,3,4,6,8
0,1,4,6
0,1,3,4,6,9,12
0,1,9
0,1,3,4,6,8,9
0,1,2,5,8,9,11
0,1,2,5,6,7,8,11
0,1,2,4,6
0,1,3,5,7,8,9
0,1,2,3,6,7
0,1,2,3,6
0,1,4,6,7,9
0,1,5,7,8,9
0,1,2,5,7
0,1,2,6,8,9
0,1,2,4,6,8,9
0,2,3,4,9
0,4,7,8
0,1,4
0,1,2,4
0,1,2,4,5,7,8,9
0,1,2,4,6,7,8,11
0,2,3,4,11
0,1,4,7,9
0,1,4,6,7,8
0,1,2,3,4,7,8,9
0,1,2,4,6,8,9,11
0,1,2,4,10
1,2,3,4,7,11
0,2,3,7,9,10,12
0,1,4,6,7,9,12
0,1,2,3,4,5,6,9
0,1,2,7
0,1,2,3,5,6,9,11
0,1,5,8
0,2,5,6,12
0,1,2,3,5,6,13
0,3,5,8,10
0,1,7,10,12
0,2,3,7
0,1,2,4,6,7,9
0,1,2,4,5
0,2,3,5,9,10,13
0,1,4,6,7
0,3,4
0,1,2,4
0,1,2,3,4,5,8
0,2,3,4,6,9,10
1,2,3,6,12
0,1,2,3,4,12
0,1,2,3,8,9,11
0,1,5,8,9
0,1,3,4,7,8
0,1,2,3,7
0,1,2,4,6,7,9
0,1,2,3,4,7,12
0,2,4,9
0,1,2,5,9
0,1,2,3,5,6,12
0,1,2,5
0,1,2,4,7,9
0,1,2,3,6,7,8
0,1,2,4,5,6,8,9,10,12
0,1,2,6,8,11,13
0,1,2,4,5,6,14
0,1,2,4,6,7,11,12
1,3,4,5,7,8,9
0,1,2,3,11
0,1,4,7,9
0,1,3,5,7,9,12
0,1,2,4,8,11,14
